   20    15     2
       0      21      54      16      30      47      43      22      27      34      17      63      85      76      54      99      72      56      61      39
      21       0      62      20      11      88      74      50      98      35      13      58      52      92      19      97       2      40       3      12
      54      62       0      55       3      93      25      60      87      53      87      32      22      13      70      11      40      61      54      15
      16      20      55       0      14      41      75      79      17      12      74      27      97      96      37      81      50      85      52      40
      30      11       3      14       0      73      40      75      38      83      31      31      23      93      65      46      56       9      54      27
      47      88      93      41      73       0      75      65      60      98      14      42      73      99      46      93      64      58      19      26
      43      74      25      75      40      75       0      65      54      49      55      13      57      65      85      13      93      51      24      68
      22      50      60      79      75      65      65       0      94      74       9      19      95      63      19      36      37      19      75      25
      27      98      87      17      38      60      54      94       0      34       8      97      73      64      41      10       8      40      78      84
      34      35      53      12      83      98      49      74      34       0      81      35      56      86      68      91      88      40      83      10
      17      13      87      74      31      14      55       9       8      81       0      38      59       3      46       2      64      96       4      39
      63      58      32      27      31      42      13      19      97      35      38       0      73      15      57      37      97      41      71       2
      85      52      22      97      23      73      57      95      73      56      59      73       0      45      68      74      34      53      19      39
      76      92      13      96      93      99      65      63      64      86       3      15      45       0      35      78      53      71      94      71
      54      19      70      37      65      46      85      19      41      68      46      57      68      35       0      21      40      27       4      58
      99      97      11      81      46      93      13      36      10      91       2      37      74      78      21       0      97       2      62      77
      72       2      40      50      56      64      93      37       8      88      64      97      34      53      40      97       0      16      93      11
      56      40      61      85       9      58      51      19      40      40      96      41      53      71      27       2      16       0      85      51
      61       3      54      52      54      19      24      75      78      83       4      71      19      94       4      62      93      85       0      28
      39      12      15      40      27      26      68      25      84      10      39       2      39      71      58      77      11      51      28       0
       0      59      29      64      85      28      26      57      85      41      61      58      26      41      11
      59       0      59       6      42      89      92      84      28      46      24      15       7      44      50
      29      59       0      33      28      32      84      83      75      31      13       5      46      73      15
      64       6      33       0      66      13      84      13      25       2      75      57      45      70       9
      85      42      28      66       0      15      36      11      29      62      35      87       6      40      11
      28      89      32      13      15       0       3      83      92      99      29      90      29      55      81
      26      92      84      84      36       3       0      99      45      35      67      90      35      87      16
      57      84      83      13      11      83      99       0       2      23      60      87      42      65      20
      85      28      75      25      29      92      45       2       0      79      13      35      79      42      62
      41      46      31       2      62      99      35      23      79       0      49      20      10      70      41
      61      24      13      75      35      29      67      60      13      49       0      37      45      17      50
      58      15       5      57      87      90      90      87      35      20      37       0      57      29      37
      26       7      46      45       6      29      35      42      79      10      45      57       0      27      69
      41      44      73      70      40      55      87      65      42      70      17      29      27       0      87
      11      50      15       9      11      81      16      20      62      41      50      37      69      87       0
  119431   64412   81594  195605   79763  125803   25354  143003  176366   81746  188653   36378  184142   33338  166771
  146055  196227  178868   55842  199737  198883   37989    2520  160411   75618   69319   29828  107010    9491   75069
   57924  161503  152049   86568  138578  106277  127939  124405   22022   35468   43751  126920   74990   84054  169951
   40797   68697  178392  164555  167534   55458   52040    7391  159495   52766   70509  113693  159367  153501  108816
  195611   76656  181084   25434  140690   95144  108316  176573   75746    4828  158604  114365   85158   52345    8392
  112826  152116  103402    9503   65309  191705   11145   50129  197155  144535  184093  173284  137333  199688   47413
  171385  192870  115659  191393   75814  169707  108139  100650  160087  183794   73342   58058  175487    6195   15582
  116971   37842  185943   47968  135575   84267   94265   34852  167101  118515  134244   44807  199627  163817   59248
   82967  139286  141825   44276   71340   30536  196557   53639  145970    7318   81936  148979   39613  168797  131797
   81240   18750   73476   31049   10357  143595   45460  106796   96450  119931  186498  158030    6225  111496   87685
  142875   78420  181658  134537  141923  191900  133121  199139  116507   80312   14465   13159   80648  136930   62215
   15509    5413   53505  147172  168303   74501  136832   93832  134971    9656   46815  141618  114224   84823  199780
  116611  123618  147715  180718  182610   26477   67531    8337  140202   95968  127610  196551  142698    9924  181762
   56190  197546   70430   92977  180755  122067  141636   73415  159831  122251   99752   44172   64070   63338   88894
   33814  145316     927  176506  134348   95785   41444  102175   33240  109958  100546  113553   40559   92928   28455
  183104   29554   59047   70741  199511    9863   64491  133439   27399  151768  117593   21198   29206  180413   10657
  117270  142887  158677  117014   73976  109201  177520   97018  182531  142435  172417  156859  190868   38172  184795
    3778   38294   11938   87075  141557   75704   62465   90206   49995   40015  153288   52284   92104  151756    6500
  107187   92788    4345    2319   31806   32782   14020  178289   70741    1544   98983   21814   37141   52900  156620
   49861    8502  107168    7519   69441   36109  143510  175084  112771  186877   26270  169304  140739  136436    9082
      17      30      53      94      17      70      22      49      12       8      38      27      36      98      53      76      64      76      78      82
      71     121      90      79     166     109      99     121     152     156     164     155     131     134      70