   20    15     2
       0      33      41       9      16      56      59      63      21      39      48      49       9      53      43      78      61      93      77      46
      33       0      49      91      78      23      71       7      12      22      40      46      92      68      59      76      69      17      47      91
      41      49       0      41      38      44      90      84      24      65      26      42      21      20      84      90      65      83      50      95
       9      91      41       0       6      17      29      88      99      37      68      92      65      38      55      93      72      41      34      14
      16      78      38       6       0      68      97      18      78      99      16      36      14      39      33      99      90       1      16      89
      56      23      44      17      68       0      47      15      45      17      11      51      23      38      36      38      42      88      82      29
      59      71      90      29      97      47       0      15      12      87       5      29      68       7      74      86      43      33      90      53
      63       7      84      88      18      15      15       0      80      57      67      36      67      88      55      83      71      80      82      38
      21      12      24      99      78      45      12      80       0      35      13      94      26      11      14       1      16      42      13      15
      39      22      65      37      99      17      87      57      35       0      87      42      21      11      58      11       6      47      61      20
      48      40      26      68      16      11       5      67      13      87       0      93      85      76      28      42      69      51      92      47
      49      46      42      92      36      51      29      36      94      42      93       0      45      28      35      55      77      85      70      90
       9      92      21      65      14      23      68      67      26      21      85      45       0      55      85      88      52      67      56      13
      53      68      20      38      39      38       7      88      11      11      76      28      55       0      82      38      93      16      63      28
      43      59      84      55      33      36      74      55      14      58      28      35      85      82       0      57      71       3      44      71
      78      76      90      93      99      38      86      83       1      11      42      55      88      38      57       0      78      75      55      83
      61      69      65      72      90      42      43      71      16       6      69      77      52      93      71      78       0      27      57      60
      93      17      83      41       1      88      33      80      42      47      51      85      67      16       3      75      27       0      88       3
      77      47      50      34      16      82      90      82      13      61      92      70      56      63      44      55      57      88       0      51
      46      91      95      14      89      29      53      38      15      20      47      90      13      28      71      83      60       3      51       0
       0       5      87      42      16       2      81      20      34      61      76       5       5       8      77
       5       0      73      28      59      19      92      42      51       6      16      59      98      84      29
      87      73       0      99      34      93      73      63      49      49      80       2      20       3      13
      42      28      99       0      27       8      18      32      93      69      27      61      39      63      25
      16      59      34      27       0      23      66      68      71      25      29      89      34      48      51
       2      19      93       8      23       0      69      77      42      13      80      90      57      32      21
      81      92      73      18      66      69       0      91      25      84      79      97      35      95      93
      20      42      63      32      68      77      91       0      65      86      32      85      42      81      30
      34      51      49      93      71      42      25      65       0      74      92      51       3      57      50
      61       6      49      69      25      13      84      86      74       0      58      48      69      81      67
      76      16      80      27      29      80      79      32      92      58       0       2      98      77      48
       5      59       2      61      89      90      97      85      51      48       2       0      60      79      78
       5      98      20      39      34      57      35      42       3      69      98      60       0      89      23
       8      84       3      63      48      32      95      81      57      81      77      79      89       0      32
      77      29      13      25      51      21      93      30      50      67      48      78      23      32       0
   69533   16095  195171  147691  129093   83358   20337   16016   81789  157976  168504  162474   71181  112869  172820
  136020  183239  177697   80117  167772   20398   77822  118570    7458   92532    4309  128989     219  193298    8337
   78585  147251   30939  114133   75875  194299   82058  143888    5542   91598  137186  148661    1928   69020  106906
   38758   79964   70253  157292  107583  142277  189678  143382   42524   81234   55720    9424  116745  194622    4516
  124729  155534   33759  187462   23737  171086  102822   56526  119223   59327  128025  171117   57216   52644  115518
  170085   82522  122183  116702   52754   83516   23517  119693   12720   85000  179503  185735  168059   57826   93820
   49269   31818   14099   89333  100436   66536   56672   64644  168730  166356  151670   62837   26587   10779   92812
  146067   31678  133579   26306  169737   26532   50666    5029  150071  114456   90768  140726   18768   30256   72542
   23029   58546  124729   71932  174059   13220   81490   23499    7232  166258  185070  199530   59224  181322   58809
  110550  163646  198791   91567   71181  135288  181762   71718  174877   33698    5529   47425  121427  174767   84127
  131754   41010  159099   27661   71529  158384   85995  124405   98562   41108   21655  141093   82064   75508   90481
   35425  101010  114114   58143   74428   55104  138309  175225  152348   33265   80013  150132    1971   58198   46046
   20068   93087  125919   89034  188830  111679  158964  168480      61   13855  192028   45875  114938  148094    8697
  157548   62770   39564  148246    8929   33491  130375  100949  134134   80648   69338   10925  164482    3692   45210
  105124   49745   78359  156944  167186  175945  103775  114828   75069   23255  135154   66286  121005  108072  170818
   39942  132688   52620  162175    1886  114346  126194   15607   17731   26508  101571  154820  114322   23206  170409
  112509  134794  165300  161375  120090  180712  128757    4803  164238  135123  126633   87520   78920   60164  163402
   41706  141776  163090   40510   11456  143528  124301   31873  140867  199182   81386   47956  127298   69771   62648
    7361  183690   63429  164036   34571   53541   84463   63173    2569   22449   99270  164299   39185  169817  187749
  167717  115823    4541   49061  157701  137394  128543  130417    2453   52150   71633   47627  159965     189  141727
      17      30      53      94      17      70      22      49      12       8      38      27      36      98      53      76      64      76      78      82
     102     198     140     126     260     174     148     202     228     256     250     236     206     221     110