   20    15     2
       0      57      95      37      84      54      50      80      91      36      29      87       3       7      58      18      92      23      67      42
      57       0      47      17      83      59      67      22      99      81      29      41      69      70      22      35      15      98      26      72
      95      47       0       3      40      74      19      84      65      40       9      36      15       5      71      22      53      48      59      93
      37      17       3       0      79       3      55      43      71      39      90      67      70      95      66      99      58      40       7       6
      84      83      40      79       0      40      68      31       7       2      26      73      84      37      68      46      67       4      23      70
      54      59      74       3      40       0      57      42      99      58      61      73      90      91      13      33       4      70      47      63
      50      67      19      55      68      57       0      98      71       4      90      28      98      35      46      90      61      70      36      79
      80      22      84      43      31      42      98       0      61      49      22      32      31      44      16      72      88      67      47      20
      91      99      65      71       7      99      71      61       0      51      16      54      50      56      20      46      14      91      14      29
      36      81      40      39       2      58       4      49      51       0      35      99       4      32      66      13      75      58      10      14
      29      29       9      90      26      61      90      22      16      35       0      90       5      58      71      79      58      36      54      88
      87      41      36      67      73      73      28      32      54      99      90       0      48      91      71      86      78      95      19      92
       3      69      15      70      84      90      98      31      50       4       5      48       0       1      19       5      43      70      37      31
       7      70       5      95      37      91      35      44      56      32      58      91       1       0      45      24      20      76      26      46
      58      22      71      66      68      13      46      16      20      66      71      71      19      45       0      75       3      53      46       2
      18      35      22      99      46      33      90      72      46      13      79      86       5      24      75       0       1      15      16       7
      92      15      53      58      67       4      61      88      14      75      58      78      43      20       3       1       0      89      35      49
      23      98      48      40       4      70      70      67      91      58      36      95      70      76      53      15      89       0      10      18
      67      26      59       7      23      47      36      47      14      10      54      19      37      26      46      16      35      10       0      26
      42      72      93       6      70      63      79      20      29      14      88      92      31      46       2       7      49      18      26       0
       0      78      24       4      53       3      34      18      71      87      56      93      13      84      70
      78       0      68       4      21      54      16      30      47      43      22      27      34      17      63
      24      68       0      85      76      54      99      72      56      61      39      62      20      11      88
       4       4      85       0      74      50      98      35      13      58      52      92      19      97       2
      53      21      76      74       0      40       3      12      55       3      93      25      60      87      53
       3      54      54      50      40       0      87      32      22      13      70      11      40      61      54
      34      16      99      98       3      87       0      15      14      41      75      79      17      12      74
      18      30      72      35      12      32      15       0      27      97      96      37      81      50      85
      71      47      56      13      55      22      14      27       0      52      40      73      40      75      38
      87      43      61      58       3      13      41      97      52       0      83      31      31      23      93
      56      22      39      52      93      70      75      96      40      83       0      65      46      56       9
      93      27      62      92      25      11      79      37      73      31      65       0      54      27      75
      13      34      20      19      60      40      17      81      40      31      46      54       0      65      60
      84      17      11      97      87      61      12      50      75      23      56      27      65       0      98
      70      63      88       2      53      54      74      85      38      93       9      75      60      98       0
   99588   65144   49824   89400   78231  182897  176219  100619   41785  182726   38093   35773  150578  171916  164061
  167516  185595   71034  189904   67757  137430  170989   84829  130936   49543    8325   78896  124912   84505  152787
   10351  113437   82125     561  111624  193823  178026  167314  152775  193591  151628  174394  161095  169853   72054
   22339   35633   55214  110977  145097   75405   93856   90853  138914  139982   11615   37592  159581   61311  163866
  106210  181786   25434    4766  148240   14325  142838  121854   89791   64925  126303  179552  188830  148399   94857
   15430  140501  131949   22681   32972   99307  111343   51686  134556  186785  111612  186523  138395  153483    6219
  190697  123276  164006   48268    2734   44721  173863  107559   90884   66426   66792    7330   65315  150651   21509
   54292  166484  151359   76363  155778  148387  153868  160887   17773  175536  104666  162865   17560   52314   75283
   99679   44703    3521    3875  162743  104135  124826   58253  103665  175133  121921   64204  131058  119882   57063
  142771  186547  135404  121817     250  168865  142600  154692   14709  174779    6140  122489  162724  125504  178978
   84011  130051   47444   65205   55012   50148  175994   95040   93026   14056  151091    5664   20856  195611   73354
  121652  107553  135557   89535  128775  125461   28455   75954  134946  102298  156096   88772  111935  186834  111020
  149839  111819  146983  154203   36756  151658  119150  150321   46095  160393  127402   24591  198303   81539  191363
  184813   53205  125492  141538   52388    4852   65230  160765  146092   24341  169090  170647   62331  119431   64412
   81594  195605   79763  125803   25354  143003  176366   81746  188653   36378  184142   33338  166771  146055  196227
  178868   55842  199737  198883   37989    2520  160411   75618   69319   29828  107010    9491   75069   57924  161503
  152049   86568  138578  106277  127939  124405   22022   35468   43751  126920   74990   84054  169951   40797   68697
  178392  164555  167534   55458   52040    7391  159495   52766   70509  113693  159367  153501  108816  195611   76656
  181084   25434  140690   95144  108316  176573   75746    4828  158604  114365   85158   52345    8392  112826  152116
  103402    9503   65309  191705   11145   50129  197155  144535  184093  173284  137333  199688   47413  171385  192870
      17      30      53      94      17      70      22      49      12       8      38      27      36      98      53      76      64      76      78      82
      53      94      66      54     141      80      74      89     108     110     114     108      92      99      51