   30     8     2
       0      43      33      90      53      80      57      67      36      67      88      55      83      71      80      82      38      35      13      94      26      11      14       1      16      42      13      15      87      42
      43       0      21      11      58      11       6      47      61      20      93      85      76      28      42      69      51      92      47      45      28      35      55      77      85      70      90      55      85      88
      33      21       0      52      67      56      13      82      38      93      16      63      28      57      71       3      44      71      78      75      55      83      27      57      60      88       3      51       5      87
      90      11      52       0      42      16       2      81      20      34      61      76       5       5       8      77      73      28      59      19      92      42      51       6      16      59      98      84      29      99
      53      58      67      42       0      34      93      73      63      49      49      80       2      20       3      13      27       8      18      32      93      69      27      61      39      63      25      23      66      68
      80      11      56      16      34       0      71      25      29      89      34      48      51      69      77      42      13      80      90      57      32      21      91      25      84      79      97      35      95      93
      57       6      13       2      93      71       0      65      86      32      85      42      81      30      74      92      51       3      57      50      58      48      69      81      67       2      98      77      48      60
      67      47      82      81      73      25      65       0      79      78      89      23      32      49      80      71      72       9      56      28      64      24      53      30      35      74      62      51      30       5
      36      61      38      20      63      29      86      79       0      47       1      19      71       3      50      36      82      16      89      71      59      19      93      81      17      77      87      51      63      25
      67      20      93      34      49      89      32      78      47       0      80      68      60      76      71      38       7      21       1       7      10      49      30      24      94      98      39      99      10      71
      88      93      16      61      49      34      85      89       1      80       0      29      94      19      27       2      11      77      86      18      96      20      39      97      40      72      32      70      93      66
      55      85      63      76      80      48      42      23      19      68      29       0      87      41      61      10      46      65      12      84       9      64       3      67      99      71      23      23      17      81
      83      76      28       5       2      51      81      32      71      60      94      87       0      42      11      48      96      54      46      51      93      19      50      51      32       9      19      20      35      83
      71      28      57       5      20      69      30      49       3      76      19      41      42       0      68      45      33      58      53      60      82      33       8      30      42      22      11      67      19      57
      80      42      71       8       3      77      74      80      50      71      27      61      11      68       0       4      72      62      25      87      70      11      92       7      47       9      79      70      43      45
      82      69       3      77      13      42      92      71      36      38       2      10      48      45       4       0      41      90      20      58      18      97      51      72      12      44      59      74      52      94
      38      51      44      73      27      13      51      72      82       7      11      46      96      33      72      41       0      37      29       2      65      93      26      76       1      45      52      17      27       2
      35      92      71      28       8      80       3       9      16      21      77      65      54      58      62      90      37       0      98       4      91      78      78      32      33      47      81      49      71       2
      13      47      78      59      18      90      57      56      89       1      86      12      46      53      25      20      29      98       0      28      81      71      34      52      32      72      74      82      91      40
      94      45      75      19      32      57      50      28      71       7      18      84      51      60      87      58       2       4      28       0      24      42      36      25      22      45      56      79      68      98
      26      28      55      92      93      32      58      64      59      10      96       9      93      82      70      18      65      91      81      24       0      96      31      50      94      39      68      93      17      22
      11      35      83      42      69      21      48      24      19      49      20      64      19      33      11      97      93      78      71      42      96       0       9      89      14      19      32      13      84      65
      14      55      27      51      27      91      69      53      93      30      39       3      50       8      92      51      26      78      34      36      31       9       0      40      83      24      75      21      86      87
       1      77      57       6      61      25      81      30      81      24      97      67      51      30       7      72      76      32      52      25      50      89      40       0      17      91      10      91       3      79
      16      85      60      16      39      84      67      35      17      94      40      99      32      42      47      12       1      33      32      22      94      14      83      17       0       8      26      50      33      44
      42      70      88      59      63      79       2      74      77      98      72      71       9      22       9      44      45      47      72      45      39      19      24      91       8       0      24      76      11      36
      13      90       3      98      25      97      98      62      87      39      32      23      19      11      79      59      52      81      74      56      68      32      75      10      26      24       0       2      92      43
      15      55      51      84      23      35      77      51      51      99      70      23      20      67      70      74      17      49      82      79      93      13      21      91      50      76       2       0      51      68
      87      85       5      29      66      95      48      30      63      10      93      17      35      19      43      52      27      71      91      68      17      84      86       3      33      11      92      51       0      38
      42      88      87      99      68      93      60       5      25      71      66      81      83      57      45      94       2       2      40      98      22      65      87      79      44      36      43      68      38       0
       0      20      62      41      93      29      73      35
      20       0      47      13      59      17      30      76
      62      47       0      61      87      93      92      25
      41      13      61       0      47      40       4      71
      93      59      87      47       0      95      24      62
      29      17      93      40      95       0      96      98
      73      30      92       4      24      96       0      84
      35      76      25      71      62      98      84       0
  111642   82656  207464  262837  228522   49897  120020  225199
    2957   87298   69069   30103  139631  188879  133552  283245
  167519  238447  252720      91   20783  288042   68813  172408
  222141   13046  236323   94155   59346  222370   13394   50236
  195562  151423  201202  120972  104007   16388  246723    5539
   67815  157686   74617  117538  235416  250779  263917  155662
  172243  112604   34882  202731   99429  181508  162108  256227
   59913  199032   78930  243263    2829  171520  189291   23410
   26596   39762  152357  232230  171483   34809  255613  168764
  202191  247950  242063  180135  271068  193136    7205  246357
  202685  189950  131281  118381   90246  245103   62559  212665
  244636   60765   17184  215292  186452   47810  211301  298773
  122080   71935  190948  104657   93972   11041  275536   95144
  246055   51857   80312  126694   94759    3854   33674  148905
  246449   58778  254725  281624  251576  173735    6811   73592
  236552  206091  192815  195626    3680   78225  107449   71440
  239948     283  212591   99401  125110   29105   50932  168123
  179998  191332   63905  119177  145298  148988   29187  160020
  131785  235535  183632  280196  232340  140491  147138  274007
  236579   70955  213168   22760   38627   67860  121448  139704
  278740  205331  178542  230756  209158   51115  141901  274236
  125238  116376  133011  272624  252098   72695  195242   79515
  127573   64757   62092  254927  272130  196578  251438  152000
  286239   19464   51207   88323  266042  299963  112567  204937
  277651  195672  115689  166118  280993  217352  124149  103164
   43617  205148  293408   55235  235206  297262   48927  110361
   43305  119150   99804  299798    1135  271306    3213   48808
  267699  143815   45548  137067   51243   35843  155754   71660
  116486  108053  116531  126017  266142  246183   89010   47700
   37592  263917   16489   88323  205276   23099  223001  258635
      17      30      53      94      17      70      22      49      12       8      38      27      36      98      53      76      64      76      78      82      15      62      31      34      91      51      40      60      78      93
     481     459     411     445     369     309     283      70