   30     7     2
       0      19      97       2      40       3      12      55       3      93      25      60      87      53      87      32      22      13      70      11      40      61      54      15      14      41      75      79      17      12
      19       0      74      27      97      96      37      81      50      85      52      40      73      40      75      38      83      31      31      23      93      65      46      56       9      54      27      75      65      60
      97      74       0      98      14      42      73      99      46      93      64      58      19      26      65      54      49      55      13      57      65      85      13      93      51      24      68      94      74       9
       2      27      98       0      19      95      63      19      36      37      19      75      25      34       8      97      73      64      41      10       8      40      78      84      81      35      56      86      68      91
      40      97      14      19       0      88      40      83      10      38      59       3      46       2      64      96       4      39      73      15      57      37      97      41      71       2      45      68      74      34
       3      96      42      95      88       0      53      19      39      35      78      53      71      94      71      21      40      27       4      58      97       2      62      77      16      93      11      85      51      28
      12      37      73      63      40      53       0      59      29      64      85      28      26      57      85      41      61      58      26      41      11      59       6      42      89      92      84      28      46      24
      55      81      99      19      83      19      59       0      15       7      44      50      33      28      32      84      83      75      31      13       5      46      73      15      66      13      84      13      25       2
       3      50      46      36      10      39      29      15       0      75      57      45      70       9      15      36      11      29      62      35      87       6      40      11       3      83      92      99      29      90
      93      85      93      37      38      35      64       7      75       0      29      55      81      99      45      35      67      90      35      87      16       2      23      60      87      42      65      20      79      13
      25      52      64      19      59      78      85      44      57      29       0      35      79      42      62      49      20      10      70      41      37      45      17      50      57      29      37      27      69      87
      60      40      58      75       3      53      28      50      45      55      35       0      76      16      40      75      29      23      10      46      62      44      94      55      79      84       6      96      22      57
      87      73      19      25      46      71      26      33      70      81      79      76       0      74       4      78      31      19      74       4      16      65      50      67      40      34       5      82       1      22
      53      40      26      34       2      94      57      28       9      99      42      16      74       0      52      24      39      78      83      87      51      57      37      11      67      33      60      54      85      19
      87      75      65       8      64      71      85      32      15      45      62      40       4      52       0      66      26      81      57      63       7       8      13      50      77      57      11      85      56      67
      32      38      54      97      96      21      41      84      36      35      49      75      78      24      66       0      82      80      60      90      64       2      82      67      63      43      39      30      81      20
      22      83      49      73       4      40      61      83      11      67      20      29      31      39      26      82       0      70      81      20       5      71      62      15      70      99      40      23      63      34
      13      31      55      64      39      27      58      75      29      90      10      23      19      78      81      80      70       0      31       3      91      31      82      17      26      42      31       1      11      49
      70      31      13      41      73       4      26      31      62      35      70      10      74      83      57      60      81      31       0      82      19      84      93      83      57       2      24      78      68      64
      11      23      57      10      15      58      41      13      35      87      41      46       4      87      63      90      20       3      82       0      65       1      26      35      23      79      70      33      41       9
      40      93      65       8      57      97      11       5      87      16      37      62      16      51       7      64       5      91      19      65       0      16      56      59      63      21      39      48      49       9
      61      65      85      40      37       2      59      46       6       2      45      44      65      57       8       2      71      31      84       1      16       0      53      43      78      61      93      77      46      49
      54      46      13      78      97      62       6      73      40      23      17      94      50      37      13      82      62      82      93      26      56      53       0      91      78      23      71       7      12      22
      15      56      93      84      41      77      42      15      11      60      50      55      67      11      50      67      15      17      83      35      59      43      91       0      40      46      92      68      59      76
      14       9      51      81      71      16      89      66       3      87      57      79      40      67      77      63      70      26      57      23      63      78      78      40       0      69      17      47      91      41
      41      54      24      35       2      93      92      13      83      42      29      84      34      33      57      43      99      42       2      79      21      61      23      46      69       0      38      44      90      84
      75      27      68      56      45      11      84      84      92      65      37       6       5      60      11      39      40      31      24      70      39      93      71      92      17      38       0      24      65      26
      79      75      94      86      68      85      28      13      99      20      27      96      82      54      85      30      23       1      78      33      48      77       7      68      47      44      24       0      42      21
      17      65      74      68      74      51      46      25      29      79      69      22       1      85      56      81      63      11      68      41      49      46      12      59      91      90      65      42       0      20
      12      60       9      91      34      28      24       2      90      13      87      57      22      19      67      20      34      49      64       9       9      49      22      76      41      84      26      21      20       0
       0      84      90      65      83      50      95
      84       0       6      17      29      88      99
      90       6       0      37      68      92      65
      65      17      37       0      38      55      93
      83      29      68      38       0      72      41
      50      88      92      55      72       0      34
      95      99      65      93      41      34       0
  208929  212738   66414  107010   45805  294836   80458
  218955   10977  122904  223468   59419  253196  197695
  121860   28125  110214   46574   15536  215393   68190
  160194  144676  179897  279747  237046    9338  167244
  131528  214313  117630  272487  201806  212884  287850
  199682  298709  174761  120468   21698   19739  120972
  205395   93322   23264    8120   80257  220758  252455
  111752  205249  140748  202456   14484   70223  212427
  171337  127234  299670  174916  185427  221573  271077
  273915   39716  101297   12506  210303  143952  191415
  294827  214047   14886  272643   84286  296319  105645
  139466  271132  183101  212454  110122  239747  183376
  149629   66258   96105   95007  133341   50721  217975
    1391  264760  201522  143678   62166  153263   49861
  164937  150819  170329   60838  139393   42683  274657
   44331   88570  106112  299267   14795   96737  200158
   41099  227652  176390   31797   43809  270619   15985
  175905  214331  238016  175521  110965  163801  266280
  145527  273796  213653  258626  235288  286303   57258
  277193    5667   57441   17908  130613  212335  113556
   93697  135309   74993   60023  229932   78426  138157
  227634    9750  160780  139182    6518    3479   47709
   49174   21030  267433  106112    2316  148475   32721
   55711   79351  234931   74791   12753  160753   11279
  104162   54164  215265  262627  169157  280315   39405
  253956  211108  204654   13623   65627  162794   48112
   90603  141352  130613   66560   81447  102121   51170
  189410  255394  228998  162950  297418  218552  168013
  183596  117969  187405   60280   33527  265785  222672
  150407  296465  107266   39130  176299  157402  276680
      17      30      53      94      17      70      22      49      12       8      38      27      36      98      53      76      64      76      78      82      15      62      31      34      91      51      40      60      78      93
     377     382     318     345     311     235     105