   30     6     2
       0      76      54      97      38      90      12      70      47      54      88      37       2      79      57      42      26       4      56      76      51       4      32      95       5      25      98      72      92      86
      76       0      68      99      23      85      96      57      95      37      84      54      50      80      91      36      29      87       3       7      58      18      92      23      67      42      47      17      83      59
      54      68       0      67      22      99      81      29      41      69      70      22      35      15      98      26      72       3      40      74      19      84      65      40       9      36      15       5      71      22
      97      99      67       0      53      48      59      93      79       3      55      43      71      39      90      67      70      95      66      99      58      40       7       6      40      68      31       7       2      26
      38      23      22      53       0      73      84      37      68      46      67       4      23      70      57      42      99      58      61      73      90      91      13      33       4      70      47      63      98      71
      90      85      99      48      73       0       4      90      28      98      35      46      90      61      70      36      79      61      49      22      32      31      44      16      72      88      67      47      20      51
      12      96      81      59      84       4       0      16      54      50      56      20      46      14      91      14      29      35      99       4      32      66      13      75      58      10      14      90       5      58
      70      57      29      93      37      90      16       0      71      79      58      36      54      88      48      91      71      86      78      95      19      92       1      19       5      43      70      37      31      45
      47      95      41      79      68      28      54      71       0      24      20      76      26      46      75       3      53      46       2       1      15      16       7      89      35      49      10      18      26      78
      54      37      69       3      46      98      50      79      24       0      24       4      53       3      34      18      71      87      56      93      13      84      70      68       4      21      54      16      30      47
      88      84      70      55      67      35      56      58      20      24       0      43      22      27      34      17      63      85      76      54      99      72      56      61      39      62      20      11      88      74
      37      54      22      43       4      46      20      36      76       4      43       0      50      98      35      13      58      52      92      19      97       2      40       3      12      55       3      93      25      60
       2      50      35      71      23      90      46      54      26      53      22      50       0      87      53      87      32      22      13      70      11      40      61      54      15      14      41      75      79      17
      79      80      15      39      70      61      14      88      46       3      27      98      87       0      12      74      27      97      96      37      81      50      85      52      40      73      40      75      38      83
      57      91      98      90      57      70      91      48      75      34      34      35      53      12       0      31      31      23      93      65      46      56       9      54      27      75      65      60      98      14
      42      36      26      67      42      36      14      91       3      18      17      13      87      74      31       0      42      73      99      46      93      64      58      19      26      65      54      49      55      13
      26      29      72      70      99      79      29      71      53      71      63      58      32      27      31      42       0      57      65      85      13      93      51      24      68      94      74       9      19      95
       4      87       3      95      58      61      35      86      46      87      85      52      22      97      23      73      57       0      63      19      36      37      19      75      25      34       8      97      73      64
      56       3      40      66      61      49      99      78       2      56      76      92      13      96      93      99      65      63       0      41      10       8      40      78      84      81      35      56      86      68
      76       7      74      99      73      22       4      95       1      93      54      19      70      37      65      46      85      19      41       0      91      88      40      83      10      38      59       3      46       2
      51      58      19      58      90      32      32      19      15      13      99      97      11      81      46      93      13      36      10      91       0      64      96       4      39      73      15      57      37      97
       4      18      84      40      91      31      66      92      16      84      72       2      40      50      56      64      93      37       8      88      64       0      41      71       2      45      68      74      34      53
      32      92      65       7      13      44      13       1       7      70      56      40      61      85       9      58      51      19      40      40      96      41       0      19      39      35      78      53      71      94
      95      23      40       6      33      16      75      19      89      68      61       3      54      52      54      19      24      75      78      83       4      71      19       0      71      21      40      27       4      58
       5      67       9      40       4      72      58       5      35       4      39      12      15      40      27      26      68      25      84      10      39       2      39      71       0      97       2      62      77      16
      25      42      36      68      70      88      10      43      49      21      62      55      14      73      75      65      94      34      81      38      73      45      35      21      97       0      93      11      85      51
      98      47      15      31      47      67      14      70      10      54      20       3      41      40      65      54      74       8      35      59      15      68      78      40       2      93       0      28      59      29
      72      17       5       7      63      47      90      37      18      16      11      93      75      75      60      49       9      97      56       3      57      74      53      27      62      11      28       0      64      85
      92      83      71       2      98      20       5      31      26      30      88      25      79      38      98      55      19      73      86      46      37      34      71       4      77      85      59      64       0      28
      86      59      22      26      71      51      58      45      78      47      74      60      17      83      14      13      95      64      68       2      97      53      94      58      16      51      29      85      28       0
       0      26      57      85      41      61
      26       0      58      26      41      11
      57      58       0      59       6      42
      85      26      59       0      89      92
      41      41       6      89       0      84
      61      11      42      92      84       0
  279784  207593  230225    9329  286046  184914
  246009   72402    4101   67082  260795  161339
  136326   99639  100189   10995   97973  225977
   32264   81438  249726  227039  114545  233668
  222580  230802  241331   26660  263304  156999
  244297   26340   78472  112924  149519   67055
    5282    5813  244114  156202  187240   87380
  155497  262700  182882   96307  196588  179824
   85595  214157  279821  203106  182726     375
  253297  213901  232038   22064  262169    9210
  183733  244087  188256  268468  126017  195077
   71166   97808   82518   75222  263991  142561
  139539   21085  226636    8496   31284  293417
  110031  182479  161329  203335  134302  193163
  188192   42683  113931  202420  153447  234144
  133158  167903  280251  166530  224759  167729
  220474  231305   55134  227488  178725  225482
   69142  240589  191103   36887  297454  122309
  287044  277220   79808  188238  212308   78582
    7278   97845  241148  219138   36512  253636
  255970   93496  179146   96618  122391  293408
  119644  188705   38032  214505  264549  122620
  282979   54567  276213   50007  250157  219083
  294341  268303   83764  299606  298324   56984
    3781  240617  113428  103979   44743  160515
   14236  112604   86886  242255  228073  129853
  207867  159416  191909  186608   33033   53202
   65627  190380  112485  126081  254927   61195
  103045  267589  246833  251301   83187   78060
   11087  239243   79149  105764  170540  239051
      17      30      53      94      17      70      22      49      12       8      38      27      36      98      53      76      64      76      78      82      15      62      31      34      91      51      40      60      78      93
     328     347     292     303     261     105