   30    10     2
       0      33      60      54      85      19      66      26      81      57      63       7       8      13      50      77      57      11      85      56      67      82      80      60      90      64       2      82      67      63
      33       0      43      39      30      81      20      70      81      20       5      71      62      15      70      99      40      23      63      34      31       3      91      31      82      17      26      42      31       1
      60      43       0      11      49      82      19      84      93      83      57       2      24      78      68      64      65       1      26      35      23      79      70      33      41       9      16      56      59      63
      54      39      11       0      21      39      48      49       9      53      43      78      61      93      77      46      49      91      78      23      71       7      12      22      40      46      92      68      59      76
      85      30      49      21       0      69      17      47      91      41      38      44      90      84      24      65      26      42      21      20      84      90      65      83      50      95       6      17      29      88
      19      81      82      39      69       0      99      37      68      92      65      38      55      93      72      41      34      14      68      97      18      78      99      16      36      14      39      33      99      90
      66      20      19      48      17      99       0       1      16      89      47      15      45      17      11      51      23      38      36      38      42      88      82      29      15      12      87       5      29      68
      26      70      84      49      47      37       1       0       7      74      86      43      33      90      53      80      57      67      36      67      88      55      83      71      80      82      38      35      13      94
      81      81      93       9      91      68      16       7       0      26      11      14       1      16      42      13      15      87      42      21      11      58      11       6      47      61      20      93      85      76
      57      20      83      53      41      92      89      74      26       0      28      42      69      51      92      47      45      28      35      55      77      85      70      90      55      85      88      52      67      56
      63       5      57      43      38      65      47      86      11      28       0      13      82      38      93      16      63      28      57      71       3      44      71      78      75      55      83      27      57      60
       7      71       2      78      44      38      15      43      14      42      13       0      88       3      51       5      87      42      16       2      81      20      34      61      76       5       5       8      77      73
       8      62      24      61      90      55      45      33       1      69      82      88       0      28      59      19      92      42      51       6      16      59      98      84      29      99      34      93      73      63
      13      15      78      93      84      93      17      90      16      51      38       3      28       0      49      49      80       2      20       3      13      27       8      18      32      93      69      27      61      39
      50      70      68      77      24      72      11      53      42      92      93      51      59      49       0      63      25      23      66      68      71      25      29      89      34      48      51      69      77      42
      77      99      64      46      65      41      51      80      13      47      16       5      19      49      63       0      13      80      90      57      32      21      91      25      84      79      97      35      95      93
      57      40      65      49      26      34      23      57      15      45      63      87      92      80      25      13       0      65      86      32      85      42      81      30      74      92      51       3      57      50
      11      23       1      91      42      14      38      67      87      28      28      42      42       2      23      80      65       0      58      48      69      81      67       2      98      77      48      60      79      78
      85      63      26      78      21      68      36      36      42      35      57      16      51      20      66      90      86      58       0      89      23      32      49      80      71      72       9      56      28      64
      56      34      35      23      20      97      38      67      21      55      71       2       6       3      68      57      32      48      89       0      24      53      30      35      74      62      51      30       5      47
      67      31      23      71      84      18      42      88      11      77       3      81      16      13      71      32      85      69      23      24       0       1      19      71       3      50      36      82      16      89
      82       3      79       7      90      78      88      55      58      85      44      20      59      27      25      21      42      81      32      53       1       0      71      59      19      93      81      17      77      87
      80      91      70      12      65      99      82      83      11      70      71      34      98       8      29      91      81      67      49      30      19      71       0      51      63      25      80      68      60      76
      60      31      33      22      83      16      29      71       6      90      78      61      84      18      89      25      30       2      80      35      71      59      51       0      71      38       7      21       1       7
      90      82      41      40      50      36      15      80      47      55      75      76      29      32      34      84      74      98      71      74       3      19      63      71       0      10      49      30      24      94
      64      17       9      46      95      14      12      82      61      85      55       5      99      93      48      79      92      77      72      62      50      93      25      38      10       0      98      39      99      10
       2      26      16      92       6      39      87      38      20      88      83       5      34      69      51      97      51      48       9      51      36      81      80       7      49      98       0      71      29      94
      82      42      56      68      17      33       5      35      93      52      27       8      93      27      69      35       3      60      56      30      82      17      68      21      30      39      71       0      19      27
      67      31      59      59      29      99      29      13      85      67      57      77      73      61      77      95      57      79      28       5      16      77      60       1      24      99      29      19       0       2
      63       1      63      76      88      90      68      94      76      56      60      73      63      39      42      93      50      78      64      47      89      87      76       7      94      10      94      27       2       0
       0      11      77      86      18      96      20      39      97      40
      11       0      72      32      70      93      66      87      41      61
      77      72       0      10      46      65      12      84       9      64
      86      32      10       0       3      67      99      71      23      23
      18      70      46       3       0      17      81      42      11      48
      96      93      65      67      17       0      96      54      46      51
      20      66      12      99      81      96       0      93      19      50
      39      87      84      71      42      54      93       0      51      32
      97      41       9      23      11      46      19      51       0       9
      40      61      64      23      48      51      50      32       9       0
   97415   68126   39899  210000   34955  121356  183962  163637   46757   44404
  125504  227121  237064   51747   38929  224549   82216  292959  288253  112732
  244755  150306  255980  157402  121164  219330  120001  225144  114142  250532
   93844   94384   69829  280370  196075  138441  170805   29581  164442   83681
  225226  197091  180318  296118   43031  127436  219202  299304  139576  280077
  192715  176976   57506   78490  197915  163270  147331  167354   39405  173754
  197521  255760   40000  280480  154554   74791  205359  284041  223679   27448
   58430  285882  190920   59016  109326  113858   57066  226169   75963  104300
   24143  292757  221536  193639  125037   30506   24024  122684  236964  252757
  243711  106772  169304  259230  204031  274858  266545  120175  251658   30597
  116733  177855   11188  138798    6463  193484     329  289947   12506  117877
  220877   46409  171199  113812  291448  123087  215833    8313  137397  205780
  222992    2893  103530  160359   58137  119946  105380  235938  161375  213415
  284517  215073   63786  121851   83581   14136  175118  291933    6775  187093
  233301   50639  281194   35605  256630  154234   84789  178835   88991  192037
  256675   85824   78966  173277  255128  123783  183275  175054   79131  125275
   35276  179540   19080  127500  269255  278603  252088   86739  140730   73903
   47727   21149  134000  150654   99804   85009   96966  253096  249534  227506
   94256   39881   16168  139219  219101   47517  200369   39460  254606   39799
   76000    7544  225107  171684  136152  211090   28153   45384  108813   34543
   87820  187093  107898  261088   19830  122235   35248   10849  249388  277605
  299295   88836  271984   88213  165825  245469  298187  137351  106772  202932
  272643  107577  262315   50547    8294   71138  182140  262150  126190  197631
   61516  238648   41492  107293  237577  128992  186608  147843   61662   32483
  211639  123096  113263  135721   53138  151515  171172   87215  111642   82656
  207464  262837  228522   49897  120020  225199    2957   87298   69069   30103
  139631  188879  133552  283245  167519  238447  252720      91   20783  288042
   68813  172408  222141   13046  236323   94155   59346  222370   13394   50236
  195562  151423  201202  120972  104007   16388  246723    5539   67815  157686
   74617  117538  235416  250779  263917  155662  172243  112604   34882  202731
      17      30      53      94      17      70      22      49      12       8      38      27      36      98      53      76      64      76      78      82      15      62      31      34      91      51      40      60      78      93
     319     308     271     282     254     196     206     159     298      99