   30    20     2
       0      19      39      35      78      53      71      94      71      21      40      27       4      58      97       2      62      77      16      93      11      85      51      28      59      29      64      85      28      26
      19       0      57      85      41      61      58      26      41      11      59       6      42      89      92      84      28      46      24      15       7      44      50      33      28      32      84      83      75      31
      39      57       0      13       5      46      73      15      66      13      84      13      25       2      75      57      45      70       9      15      36      11      29      62      35      87       6      40      11       3
      35      85      13       0      83      92      99      29      90      29      55      81      99      45      35      67      90      35      87      16       2      23      60      87      42      65      20      79      13      35
      78      41       5      83       0      79      42      62      49      20      10      70      41      37      45      17      50      57      29      37      27      69      87      76      16      40      75      29      23      10
      53      61      46      92      79       0      46      62      44      94      55      79      84       6      96      22      57      74       4      78      31      19      74       4      16      65      50      67      40      34
      71      58      73      99      42      46       0       5      82       1      22      52      24      39      78      83      87      51      57      37      11      67      33      60      54      85      19      66      26      81
      94      26      15      29      62      62       5       0      57      63       7       8      13      50      77      57      11      85      56      67      82      80      60      90      64       2      82      67      63      43
      71      41      66      90      49      44      82      57       0      39      30      81      20      70      81      20       5      71      62      15      70      99      40      23      63      34      31       3      91      31
      21      11      13      29      20      94       1      63      39       0      82      17      26      42      31       1      11      49      82      19      84      93      83      57       2      24      78      68      64      65
      40      59      84      55      10      55      22       7      30      82       0       1      26      35      23      79      70      33      41       9      16      56      59      63      21      39      48      49       9      53
      27       6      13      81      70      79      52       8      81      17       1       0      43      78      61      93      77      46      49      91      78      23      71       7      12      22      40      46      92      68
       4      42      25      99      41      84      24      13      20      26      26      43       0      59      76      69      17      47      91      41      38      44      90      84      24      65      26      42      21      20
      58      89       2      45      37       6      39      50      70      42      35      78      59       0      84      90      65      83      50      95       6      17      29      88      99      37      68      92      65      38
      97      92      75      35      45      96      78      77      81      31      23      61      76      84       0      55      93      72      41      34      14      68      97      18      78      99      16      36      14      39
       2      84      57      67      17      22      83      57      20       1      79      93      69      90      55       0      33      99      90       1      16      89      47      15      45      17      11      51      23      38
      62      28      45      90      50      57      87      11       5      11      70      77      17      65      93      33       0      36      38      42      88      82      29      15      12      87       5      29      68       7
      77      46      70      35      57      74      51      85      71      49      33      46      47      83      72      99      36       0      74      86      43      33      90      53      80      57      67      36      67      88
      16      24       9      87      29       4      57      56      62      82      41      49      91      50      41      90      38      74       0      55      83      71      80      82      38      35      13      94      26      11
      93      15      15      16      37      78      37      67      15      19       9      91      41      95      34       1      42      86      55       0      14       1      16      42      13      15      87      42      21      11
      11       7      36       2      27      31      11      82      70      84      16      78      38       6      14      16      88      43      83      14       0      58      11       6      47      61      20      93      85      76
      85      44      11      23      69      19      67      80      99      93      56      23      44      17      68      89      82      33      71       1      58       0      28      42      69      51      92      47      45      28
      51      50      29      60      87      74      33      60      40      83      59      71      90      29      97      47      29      90      80      16      11      28       0      35      55      77      85      70      90      55
      28      33      62      87      76       4      60      90      23      57      63       7      84      88      18      15      15      53      82      42       6      42      35       0      85      88      52      67      56      13
      59      28      35      42      16      16      54      64      63       2      21      12      24      99      78      45      12      80      38      13      47      69      55      85       0      82      38      93      16      63
      29      32      87      65      40      65      85       2      34      24      39      22      65      37      99      17      87      57      35      15      61      51      77      88      82       0      28      57      71       3
      64      84       6      20      75      50      19      82      31      78      48      40      26      68      16      11       5      67      13      87      20      92      85      52      38      28       0      44      71      78
      85      83      40      79      29      67      66      67       3      68      49      46      42      92      36      51      29      36      94      42      93      47      70      67      93      57      44       0      75      55
      28      75      11      13      23      40      26      63      91      64       9      92      21      65      14      23      68      67      26      21      85      45      90      56      16      71      71      75       0      83
      26      31       3      35      10      34      81      43      31      65      53      68      20      38      39      38       7      88      11      11      76      28      55      13      63       3      78      55      83       0
       0      27      57      60      88       3      51       5      87      42      16       2      81      20      34      61      76       5       5       8
      27       0      77      73      28      59      19      92      42      51       6      16      59      98      84      29      99      34      93      73
      57      77       0      63      49      49      80       2      20       3      13      27       8      18      32      93      69      27      61      39
      60      73      63       0      63      25      23      66      68      71      25      29      89      34      48      51      69      77      42      13
      88      28      49      63       0      80      90      57      32      21      91      25      84      79      97      35      95      93      65      86
       3      59      49      25      80       0      32      85      42      81      30      74      92      51       3      57      50      58      48      69
      51      19      80      23      90      32       0      81      67       2      98      77      48      60      79      78      89      23      32      49
       5      92       2      66      57      85      81       0      80      71      72       9      56      28      64      24      53      30      35      74
      87      42      20      68      32      42      67      80       0      62      51      30       5      47       1      19      71       3      50      36
      42      51       3      71      21      81       2      71      62       0      82      16      89      71      59      19      93      81      17      77
      16       6      13      25      91      30      98      72      51      82       0      87      51      63      25      80      68      60      76      71
       2      16      27      29      25      74      77       9      30      16      87       0      38       7      21       1       7      10      49      30
      81      59       8      89      84      92      48      56       5      89      51      38       0      24      94      98      39      99      10      71
      20      98      18      34      79      51      60      28      47      71      63       7      24       0      29      94      19      27       2      11
      34      84      32      48      97       3      79      64       1      59      25      21      94      29       0      77      86      18      96      20
      61      29      93      51      35      57      78      24      19      19      80       1      98      94      77       0      39      97      40      72
      76      99      69      69      95      50      89      53      71      93      68       7      39      19      86      39       0      32      70      93
       5      34      27      77      93      58      23      30       3      81      60      10      99      27      18      97      32       0      66      87
       5      93      61      42      65      48      32      35      50      17      76      49      10       2      96      40      70      66       0      41
       8      73      39      13      86      69      49      74      36      77      71      30      71      11      20      72      93      87      41       0
  197924   34022   49458  148960  167015   77529  201834  280178  167418  279784  207593  230225    9329  286046  184914  246009   72402    4101   67082  260795
  161339  136326   99639  100189   10995   97973  225977   32264   81438  249726  227039  114545  233668  222580  230802  241331   26660  263304  156999  244297
   26340   78472  112924  149519   67055    5282    5813  244114  156202  187240   87380  155497  262700  182882   96307  196588  179824   85595  214157  279821
  203106  182726     375  253297  213901  232038   22064  262169    9210  183733  244087  188256  268468  126017  195077   71166   97808   82518   75222  263991
  142561  139539   21085  226636    8496   31284  293417  110031  182479  161329  203335  134302  193163  188192   42683  113931  202420  153447  234144  133158
  167903  280251  166530  224759  167729  220474  231305   55134  227488  178725  225482   69142  240589  191103   36887  297454  122309  287044  277220   79808
  188238  212308   78582    7278   97845  241148  219138   36512  253636  255970   93496  179146   96618  122391  293408  119644  188705   38032  214505  264549
  122620  282979   54567  276213   50007  250157  219083  294341  268303   83764  299606  298324   56984    3781  240617  113428  103979   44743  160515   14236
  112604   86886  242255  228073  129853  207867  159416  191909  186608   33033   53202   65627  190380  112485  126081  254927   61195  103045  267589  246833
  251301   83187   78060   11087  239243   79149  105764  170540  239051  230252  163225  293417  114984  271626   38151  211035  142716  162474  264860  113620
    7242  237907  171547  127738   78518   12588  169240  228174  155104   14255   97964  287557   16718   75194  295733  216803  276140  259926  205999  299533
   71120  257078  289306  173488  287090  113721  254560  162208  150975  240131  275692  110013   87087  263231    9292   23374  175457   56764  278914   71953
  203363  126401  141398   52278  250651  177773  201367   67210  299441  245725   88872  124451  208929  212738   66414  107010   45805  294836   80458  218955
   10977  122904  223468   59419  253196  197695  121860   28125  110214   46574   15536  215393   68190  160194  144676  179897  279747  237046    9338  167244
  131528  214313  117630  272487  201806  212884  287850  199682  298709  174761  120468   21698   19739  120972  205395   93322   23264    8120   80257  220758
  252455  111752  205249  140748  202456   14484   70223  212427  171337  127234  299670  174916  185427  221573  271077  273915   39716  101297   12506  210303
  143952  191415  294827  214047   14886  272643   84286  296319  105645  139466  271132  183101  212454  110122  239747  183376  149629   66258   96105   95007
  133341   50721  217975    1391  264760  201522  143678   62166  153263   49861  164937  150819  170329   60838  139393   42683  274657   44331   88570  106112
  299267   14795   96737  200158   41099  227652  176390   31797   43809  270619   15985  175905  214331  238016  175521  110965  163801  266280  145527  273796
  213653  258626  235288  286303   57258  277193    5667   57441   17908  130613  212335  113556   93697  135309   74993   60023  229932   78426  138157  227634
    9750  160780  139182    6518    3479   47709   49174   21030  267433  106112    2316  148475   32721   55711   79351  234931   74791   12753  160753   11279
  104162   54164  215265  262627  169157  280315   39405  253956  211108  204654   13623   65627  162794   48112   90603  141352  130613   66560   81447  102121
   51170  189410  255394  228998  162950  297418  218552  168013  183596  117969  187405   60280   33527  265785  222672  150407  296465  107266   39130  176299
  157402  276680   57039  293664    8926  122089   10803   38059  166154    9439  280480   77895  181151  262672  161705  261290   97415   68126   39899  210000
   34955  121356  183962  163637   46757   44404  125504  227121  237064   51747   38929  224549   82216  292959  288253  112732  244755  150306  255980  157402
  121164  219330  120001  225144  114142  250532   93844   94384   69829  280370  196075  138441  170805   29581  164442   83681  225226  197091  180318  296118
   43031  127436  219202  299304  139576  280077  192715  176976   57506   78490  197915  163270  147331  167354   39405  173754  197521  255760   40000  280480
  154554   74791  205359  284041  223679   27448   58430  285882  190920   59016  109326  113858   57066  226169   75963  104300   24143  292757  221536  193639
  125037   30506   24024  122684  236964  252757  243711  106772  169304  259230  204031  274858  266545  120175  251658   30597  116733  177855   11188  138798
    6463  193484     329  289947   12506  117877  220877   46409  171199  113812  291448  123087  215833    8313  137397  205780  222992    2893  103530  160359
      17      30      53      94      17      70      22      49      12       8      38      27      36      98      53      76      64      76      78      82      15      62      31      34      91      51      40      60      78      93
      95     103      89      94      66     119      67      47      93      63      70     114      33      47     129      88      70      83      89      77