   30    20     2
       0       5      47       1      19      71       3      50      36      82      16      89      71      59      19      93      81      17      77      87      51      63      25      80      68      60      76      71      38       7
       5       0      21       1       7      10      49      30      24      94      98      39      99      10      71      29      94      19      27       2      11      77      86      18      96      20      39      97      40      72
      47      21       0      32      70      93      66      87      41      61      10      46      65      12      84       9      64       3      67      99      71      23      23      17      81      42      11      48      96      54
       1       1      32       0      46      51      93      19      50      51      32       9      19      20      35      83      68      45      33      58      53      60      82      33       8      30      42      22      11      67
      19       7      70      46       0      19      57       4      72      62      25      87      70      11      92       7      47       9      79      70      43      45      41      90      20      58      18      97      51      72
      71      10      93      51      19       0      12      44      59      74      52      94      37      29       2      65      93      26      76       1      45      52      17      27       2      98       4      91      78      78
       3      49      66      93      57      12       0      32      33      47      81      49      71       2      28      81      71      34      52      32      72      74      82      91      40      24      42      36      25      22
      50      30      87      19       4      44      32       0      45      56      79      68      98      96      31      50      94      39      68      93      17      22       9      89      14      19      32      13      84      65
      36      24      41      50      72      59      33      45       0      40      83      24      75      21      86      87      17      91      10      91       3      79       8      26      50      33      44      24      76      11
      82      94      61      51      62      74      47      56      40       0      36       2      92      43      51      68      38      20      62      41      93      29      73      35      47      13      59      17      30      76
      16      98      10      32      25      52      81      79      83      36       0      61      87      93      92      25      47      40       4      71      95      24      62      96      98      84      97      84      69      58
      89      39      46       9      87      94      49      68      24       2      61       0      53      32      20      36      18      89       6      43      77      15      68      46       1      72      31       2      56      52
      71      99      65      19      70      37      71      98      75      92      87      53       0      90      34       9      80      18      66      79      63       6      44      83      39      66      85      15      95       7
      59      10      12      20      11      29       2      96      21      43      93      32      90       0      87      19      91      31      28      83      80      29       7      27      57      50      27       5      15      17
      19      71      84      35      92       2      28      31      86      51      92      20      34      87       0      98      87      50      49      53      55      95      83      47      78      18      40      39      84      72
      93      29       9      83       7      65      81      50      87      68      25      36       9      19      98       0      39      25       9      25       1      28      41      59      33       2      28      73      55      67
      81      94      64      68      47      93      71      94      17      38      47      18      80      91      87      39       0      79      69      55      17      22      59      22      38      48      86      49      68       5
      17      19       3      45       9      26      34      39      91      20      40      89      18      31      50      25      79       0      70      69      24      76      88      97      52      93      13      44      10      36
      77      27      67      33      79      76      52      68      10      62       4       6      66      28      49       9      69      70       0      89      97      38      63      88      97      31       5      31      33      74
      87       2      99      58      70       1      32      93      91      41      71      43      79      83      53      25      55      69      89       0       5      96      86      44       4      14      22      40      62      80
      51      11      71      53      43      45      72      17       3      93      95      77      63      80      55       1      17      24      97       5       0      79      53      30      54      57      31      47      10      35
      63      77      23      60      45      52      74      22      79      29      24      15       6      29      95      28      22      76      38      96      79       0      55      76      86      37      77      64       3      74
      25      86      23      82      41      17      82       9       8      73      62      68      44       7      83      41      59      88      63      86      53      55       0      37      35       5      76      10      99      82
      80      18      17      33      90      27      91      89      26      35      96      46      83      27      47      59      22      97      88      44      30      76      37       0      39       5      92      39      12      58
      68      96      81       8      20       2      40      14      50      47      98       1      39      57      78      33      38      52      97       4      54      86      35      39       0      15      65      41      49       9
      60      20      42      30      58      98      24      19      33      13      84      72      66      50      18       2      48      93      31      14      57      37       5       5      15       0      64      95      81      20
      76      39      11      42      18       4      42      32      44      59      97      31      85      27      40      28      86      13       5      22      31      77      76      92      65      64       0       5      93      48
      71      97      48      22      97      91      36      13      24      17      84       2      15       5      39      73      49      44      31      40      47      64      10      39      41      95       5       0      90      56
      38      40      96      11      51      78      25      84      76      30      69      56      95      15      84      55      68      10      33      62      10       3      99      12      49      81      93      90       0      62
       7      72      54      67      72      78      22      65      11      76      58      52       7      17      72      67       5      36      74      80      35      74      82      58       9      20      48      56      62       0
       0      43      35      54      32      13      39      78       7      26      38      74      26      62       1       7      30      75       5      80
      43       0      74      45      95      98      81      84      33      23      88      89      30      85      81      19      53      10      62      95
      35      74       0      14      20      46      82      28      63      37      69      45      47      83       2      43      10      43      82      93
      54      45      14       0      18      83      78      76      21      32      82      67      46      99      47      64      76       4      31      74
      32      95      20      18       0      87       9      96      47      75      11      85      57      73      73      12      13      78      60      11
      13      98      46      83      87       0      30      73      67      64      15      92      88      45      98      94      17      28      88      91
      39      81      82      78       9      30       0      42      75      57      18      11      49      46      69      33      81      92      84       1
      78      84      28      76      96      73      42       0      36      70      39      84      93      56      94      95      99      85      64      64
       7      33      63      21      47      67      75      36       0       1      39      70      35      24      17      27      10      94      24      39
      26      23      37      32      75      64      57      70       1       0      61      78      45      40      34      38      29      63      63      64
      38      88      69      82      11      15      18      39      39      61       0      43      84      22      98      40      98      25       2      94
      74      89      45      67      85      92      11      84      70      78      43       0      97      16      87      28      47      53      13      93
      26      30      47      46      57      88      49      93      35      45      84      97       0      87      60      55      58      66      80      40
      62      85      83      99      73      45      46      56      24      40      22      16      87       0      16      93      45      67      77      55
       1      81       2      47      73      98      69      94      17      34      98      87      60      16       0      46      29      37      26       4
       7      19      43      64      12      94      33      95      27      38      40      28      55      93      46       0      75      86      13      49
      30      53      10      76      13      17      81      99      10      29      98      47      58      45      29      75       0      22      88      46
      75      10      43       4      78      28      92      85      94      63      25      53      66      67      37      86      22       0      45      26
       5      62      82      31      60      88      84      64      24      63       2      13      80      77      26      13      88      45       0      92
      80      95      93      74      11      91       1      64      39      64      94      93      40      55       4      49      46      26      92       0
  274858  266545  120175  251658   30597  116733  177855   11188  138798    6463  193484     329  289947   12506  117877  220877   46409  171199  113812  291448
  123087  215833    8313  137397  205780  222992    2893  103530  160359   58137  119946  105380  235938  161375  213415  284517  215073   63786  121851   83581
   14136  175118  291933    6775  187093  233301   50639  281194   35605  256630  154234   84789  178835   88991  192037  256675   85824   78966  173277  255128
  123783  183275  175054   79131  125275   35276  179540   19080  127500  269255  278603  252088   86739  140730   73903   47727   21149  134000  150654   99804
   85009   96966  253096  249534  227506   94256   39881   16168  139219  219101   47517  200369   39460  254606   39799   76000    7544  225107  171684  136152
  211090   28153   45384  108813   34543   87820  187093  107898  261088   19830  122235   35248   10849  249388  277605  299295   88836  271984   88213  165825
  245469  298187  137351  106772  202932  272643  107577  262315   50547    8294   71138  182140  262150  126190  197631   61516  238648   41492  107293  237577
  128992  186608  147843   61662   32483  211639  123096  113263  135721   53138  151515  171172   87215  111642   82656  207464  262837  228522   49897  120020
  225199    2957   87298   69069   30103  139631  188879  133552  283245  167519  238447  252720      91   20783  288042   68813  172408  222141   13046  236323
   94155   59346  222370   13394   50236  195562  151423  201202  120972  104007   16388  246723    5539   67815  157686   74617  117538  235416  250779  263917
  155662  172243  112604   34882  202731   99429  181508  162108  256227   59913  199032   78930  243263    2829  171520  189291   23410   26596   39762  152357
  232230  171483   34809  255613  168764  202191  247950  242063  180135  271068  193136    7205  246357  202685  189950  131281  118381   90246  245103   62559
  212665  244636   60765   17184  215292  186452   47810  211301  298773  122080   71935  190948  104657   93972   11041  275536   95144  246055   51857   80312
  126694   94759    3854   33674  148905  246449   58778  254725  281624  251576  173735    6811   73592  236552  206091  192815  195626    3680   78225  107449
   71440  239948     283  212591   99401  125110   29105   50932  168123  179998  191332   63905  119177  145298  148988   29187  160020  131785  235535  183632
  280196  232340  140491  147138  274007  236579   70955  213168   22760   38627   67860  121448  139704  278740  205331  178542  230756  209158   51115  141901
  274236  125238  116376  133011  272624  252098   72695  195242   79515  127573   64757   62092  254927  272130  196578  251438  152000  286239   19464   51207
   88323  266042  299963  112567  204937  277651  195672  115689  166118  280993  217352  124149  103164   43617  205148  293408   55235  235206  297262   48927
  110361   43305  119150   99804  299798    1135  271306    3213   48808  267699  143815   45548  137067   51243   35843  155754   71660  116486  108053  116531
  126017  266142  246183   89010   47700   37592  263917   16489   88323  205276   23099  223001  258635  129120   99502  272075  161897  240205  172115  201641
  108804  203729  264357     402  166859  250257  215027  241560  247520  115689  107348   39204  284124   80724   34113   43433    3772   50273  127079   39323
   46327  263606  128763   65819   33518  175740   34736   19840  141444     759  184585   61461  279464  257737  229538   85631  128708  209653  155085  276149
  143275  136317   86556  107458  167198  231525  255806  210010  270427  165367  257179  264558  156816  202127  170906   41373  247373  114535  281945   49668
  191790   84899  172417  213086   11398  133735  215952  236698  226746  166685  251768   81319  172829  180053  266792   10675  155177   15921  263982  126941
   49824    7205  244846   60472     457  103375  184328  229282   15628   17523   26258  233777  219403   85311  177416    2526   58339  276406  128315  154692
   18210   49192  178899  294524  253196   89202  297280  103860  281075  221930  189547  148063  147285  240763    8853   60985   11087   40522   81923   24774
   56874   97323  281020  209955   83864  185317  119544  191451   77162   71001  199453  206357  213489   75670   88479  268788  104501  146699  155415  207638
  231040  128177   41502  242832  271214  171629   96114   65636  275637   77364  254762  238740  292831  107174  287649  281652  197915  258882   96865  257097
  127838  243436   90337  224027  276076  155223   10592  172801  150032  176116  146671  208270  244380  203939    6985  296337  233164  146012  181646  239582
  234171  268312   71980   97634  148283  240955  215695  217929   27384  170567   85576  192385   73482  160231   90054  105682  222598  187578  153492   90859
      17      30      53      94      17      70      22      49      12       8      38      27      36      98      53      76      64      76      78      82      15      62      31      34      91      51      40      60      78      93
     165     184     158     164     131     104     119      87     166     119     130     201      68      96     199     159     120     157     166     134