   30    20     2
       0      67       1      30      16      42      22      93      22      14      21      84      47      46      56      93      48      70      35      11      53       2      83      70      98      39      80      85      80      39
      67       0      69      84      11      97      80       4       1      26      59      40      20      57      71      37      81      54      40      95       8      77      10      97      11      68      92       7      40      10
       1      69       0      69      65      43      28      33      22      91      79      23      40       9       7      42      96      58       2      16      29      25      39      77      55      57      48      26      83      86
      30      84      69       0      83      75      92      11      31       6      57      46      47      47       8      28      45      21      17      86      33      50      78      58      29      71      84      70      30      58
      16      11      65      83       0      66      47      82      97       7      89      34       9      72      70      76      87      92      20      50      15      59      63      11      29       3      35      60      62      15
      42      97      43      75      66       0      53      97      30      28      43      73      83       4      15      82      13      49      97      70      51      47      47      14      91       3      54      78      77      97
      22      80      28      92      47      53       0      34      75      75      51      28      46      85      95      21       9      36      77       5      20      24      16      89      56      21      27      29      96      46
      93       4      33      11      82      97      34       0      38       2      14      27      40      67      87      23      97      44      64      45      13      77      41      36      16      35      69      48      16      39
      22       1      22      31      97      30      75      38       0      47      76      89      71       2      77      68      56      32      39      72      67       8      29      55      46      96      93      20      95      15
      14      26      91       6       7      28      75       2      47       0      20      74      22      84      49      54       4      71      44      27      52      98       1      71      28      23      15      47      16      43
      21      59      79      57      89      43      51      14      76      20       0      73      83      83      39      58      43      18      33      10      52      58      33      79      44      30      15      88      55      81
      84      40      23      46      34      73      28      27      89      74      73       0      24      64      21      63      12      34       9       3      54      73      72      73      66      41      73      79      51      93
      47      20      40      47       9      83      46      40      71      22      83      24       0      83      21      41       5      86      29      63      82       5      50      88       1      83      77      10      62      18
      46      57       9      47      72       4      85      67       2      84      83      64      83       0      94      92      86       7      34      32      44      83      24       7      47       6      11      15      91      87
      56      71       7       8      70      15      95      87      77      49      39      21      21      94       0      38      88      81      15      77      11      21      63      79      95      15      30      48      47      44
      93      37      42      28      76      82      21      23      68      54      58      63      41      92      38       0      13      98      68      63      18      13      38       7      59      60      39      95      25      47
      48      81      96      45      87      13       9      97      56       4      43      12       5      86      88      13       0      64      72      56      16      44       3      56       1      18      72       7      33      84
      70      54      58      21      92      49      36      44      32      71      18      34      86       7      81      98      64       0      84      88      14      73      50      57      55      67      66      80      20      96
      35      40       2      17      20      97      77      64      39      44      33       9      29      34      15      68      72      84       0      56      88       5      24      24      11      54      27      39      38      61
      11      95      16      86      50      70       5      45      72      27      10       3      63      32      77      63      56      88      56       0      34      78      78      84      87      70      97      82       3      57
      53       8      29      33      15      51      20      13      67      52      52      54      82      44      11      18      16      14      88      34       0      63      62      74      71      57      52      99      39      37
       2      77      25      50      59      47      24      77       8      98      58      73       5      83      21      13      44      73       5      78      63       0      27       2       1      43      17      45      12      45
      83      10      39      78      63      47      16      41      29       1      33      72      50      24      63      38       3      50      24      78      62      27       0      58      42      40      49      86       8      92
      70      97      77      58      11      14      89      36      55      71      79      73      88       7      79       7      56      57      24      84      74       2      58       0      49      28      50      76       6      10
      98      11      55      29      29      91      56      16      46      28      44      66       1      47      95      59       1      55      11      87      71       1      42      49       0      29      65      38      60      10
      39      68      57      71       3       3      21      35      96      23      30      41      83       6      15      60      18      67      54      70      57      43      40      28      29       0      17      46      18      24
      80      92      48      84      35      54      27      69      93      15      15      73      77      11      30      39      72      66      27      97      52      17      49      50      65      17       0      67      82      74
      85       7      26      70      60      78      29      48      20      47      88      79      10      15      48      95       7      80      39      82      99      45      86      76      38      46      67       0      18      66
      80      40      83      30      62      77      96      16      95      16      55      51      62      91      47      25      33      20      38       3      39      12       8       6      60      18      82      18       0      24
      39      10      86      58      15      97      46      39      15      43      81      93      18      87      44      47      84      96      61      57      37      45      92      10      10      24      74      66      24       0
       0      31      35      53      17      84      60      72      95      80      37      10       2      84      80      86      31      46      78      61
      31       0      55      19      16      41      48      67      97      40      64      23      12      78      74      24      31      84      31      95
      35      55       0      46      80      57       4      70      11      38      58      99      97       2      62      46      83      66      12      65
      53      19      46       0      49      52      56      58      60      32      68      94      26       7      88      34      42      86      75      77
      17      16      80      49       0      75      75      13      36      92      25      30      61      64      65      52      96      56      59      79
      84      41      57      52      75       0      12      47      17      80      92      66       6       4       7       9      70      10      64      24
      60      48       4      56      75      12       0      30      99      67      61      62      63      87      11      27      26      55      73      14
      72      67      70      58      13      47      30       0      40      28      60      77      39       5      11      53      71      90      63      95
      95      97      11      60      36      17      99      40       0      29      70      20      98      26      27      66      10      66      50      37
      80      40      38      32      92      80      67      28      29       0      25      64      30       4      51      88      89      88      67      73
      37      64      58      68      25      92      61      60      70      25       0      43      55      38      62      38      10      13      49      66
      10      23      99      94      30      66      62      77      20      64      43       0      40      76      71      99      23      83       8      45
       2      12      97      26      61       6      63      39      98      30      55      40       0      61      28      56      64      36       2      35
      84      78       2       7      64       4      87       5      26       4      38      76      61       0      51      71      74      78      29      81
      80      74      62      88      65       7      11      11      27      51      62      71      28      51       0      52      77      43      86      66
      86      24      46      34      52       9      27      53      66      88      38      99      56      71      52       0      30      10      99      18
      31      31      83      42      96      70      26      71      10      89      10      23      64      74      77      30       0      66      20      34
      46      84      66      86      56      10      55      90      66      88      13      83      36      78      43      10      66       0      59      81
      78      31      12      75      59      64      73      63      50      67      49       8       2      29      86      99      20      59       0      34
      61      95      65      77      79      24      14      95      37      73      66      45      35      81      66      18      34      81      34       0
  217755   96169  212949  280974  199572  262755  125138  184466   31458  140794  196029   38196  254240     274   27814  194445    9503  201852  299990  213159
   71156   69380   53523  243263  126978   33912  145802  289370  163664  139494  153904  279363   58211  151487  154930   98669   28904   58156   60966  106726
  249031  205945  137232  101287  176335  159205  181252  246211  101525   24985   91344  128379   68749   33454  202475   59327  171327   14612  217590  187176
   75780  261931  212646   34626  277330   23538  143330   28501  239930  211548  131720  136500  124021  270189   60902  176876   55079  293334  155754  216492
   36182  132105  177974  223093  157512  283117  113510   87160    6207  197970  280462   79287  229419    4742  135630  158391   53843   81969    7873  296566
   14886  275774  236268  236204   98449  100811  141288  244965  148512  215668    7205   84130  243775  213168  103650  156175   96270  216528  224558  246998
  275225  121604   72704  128525  109170   76256   67815  137269  169615  237064  206402  294570  289178   94311  151570  283895  117456  205771  280764   51188
   67769   29847  269640   43580   57716   98760   40256  252189  196954  122473  251649   74700  225052   63777  260768  263313   52754  275426   32255  273567
    9622  239719   24857   79873  151277  101269  132746   73235  229328   33619  109802    6811  277156  130137  155149  204937  114563   60106  187844    1281
  124625  280388   88955  221774  105545  143348   39185  177727   51023   91811  230170  185152  261986  281469  277358   75450  142817  121393   13000  213553
  285433   73537  187038  288711  294058    1428  254029  293893  254002  209048  174541  159251   97470   60298  108758   55308  269649   19812  130668  231470
   47947  205633  140858    5548  217929   94448    6070  169908  158555  270024  103714   29746  240296   55336  199206  239371  189016   19226  134641  251777
  118802  198043  256630   47489  286816   22888  261491   58055  273439   93304   85998  249845  240626   87701   21771   83910  171822  151469   81374   17450
   46354   53147  294351  262398  151551  149455  161174  166942  285699  249690  143504  235563   54905  120184  118509  253059  217087  119452   75670   28382
   76110    4559   84112  123801  179256   99475    8487   85018  221152  165916  201715  237943  207235  167372   52497   67641  179989   66945  115945  145170
  260878  149546  205258   17816  211355  209186   72695  228595  265858  291906  157979  280278   40009  134962   32062  109894  267204  293032  114700  189245
  266518  291824   93670   16846   95309   99932  223908   17322  289480  259504  134623   13431   44450   66203  122638  186773  240324  239399  159855   92397
  163801  172783   93194  143339   30588  106497  165037  230344  260933  111056  232239  192623   11655  223825  111972  105279   17835  228678   32410  298855
  247035  119425   16461  276754  119470   37684  176555   46235  197109  125778  148750   28373  194747  285259  244251   62825   16415  281789  146342  272945
  170027  186883  131034  106790  163444   97222   39432  119946  235187   22083   80010  115268  222818   79644  188833    5740   22083   92608  226004   15683
  240131  223917  136280  286074  295632  243134  252171   99603   69206  264091  267397   91134  257225  244471   59163  159031   31843  187908  287044   43195
   60856  139274  246797   85265  190078  113739  207226  136664  141572  250248    8111  130191   30936  130036  247474  280636   56498  250825  236112  230152
   63786   97268  247767  203994  138358  298388  142826  192239  229987   12414   93862  223020  261491   29966  290990  143137  225208   35880  255247  171391
  220355  220484   38151   40458  234217  180968   35477   92855  220566  203363  193392   46574  278118  265822  135126  296218  282403   53816   86336  264915
  274098  127893  227121  172994   56810   34525  148942  138807  207739  100875  244654  277440  253938    3827  109509  212839  117749  254185  281579  169139
  284133  286440  299404  256639  193255  194875    5282  118115  211447  106616   72154   51216   83526   32117  282146   72356  119718  183935  235142  137836
  120294  104171  115295   87920  191003  191433  193676  129276  252464   67778  295156  121539  296630   76320    7681  283684  293426   50163  262187   85631
     714  143211  160844   40925  280782  263505  182406  165953  176207  199792  242191  121402   48643  281817  135190  201614  233320  165047  140299   87343
  112402   80458   13733  227707  260631   39945  149922   66707  265941  138084  137855   80330  278566  140693  291100   39423   91454    1071  179476  164250
  205395   94329   40806  286303  181701  110498     448   82876  235801  197064  277138     274  174752  291576    2975  230921  131821   34864  235892   60325
      17      30      53      94      17      70      22      49      12       8      38      27      36      98      53      76      64      76      78      82      15      62      31      34      91      51      40      60      78      93
     263     286     249     258     217     163     184     138     262     178     204     310     112     146     309     260     185     257     249     212