   30    20     2
       0       9      53      43      78      61      93      77      46      49      91      78      23      71       7      12      22      40      46      92      68      59      76      69      17      47      91      41      38      44
       9       0      90      84      24      65      26      42      21      20      84      90      65      83      50      95       6      17      29      88      99      37      68      92      65      38      55      93      72      41
      53      90       0      34      14      68      97      18      78      99      16      36      14      39      33      99      90       1      16      89      47      15      45      17      11      51      23      38      36      38
      43      84      34       0      42      88      82      29      15      12      87       5      29      68       7      74      86      43      33      90      53      80      57      67      36      67      88      55      83      71
      78      24      14      42       0      80      82      38      35      13      94      26      11      14       1      16      42      13      15      87      42      21      11      58      11       6      47      61      20      93
      61      65      68      88      80       0      85      76      28      42      69      51      92      47      45      28      35      55      77      85      70      90      55      85      88      52      67      56      13      82
      93      26      97      82      82      85       0      38      93      16      63      28      57      71       3      44      71      78      75      55      83      27      57      60      88       3      51       5      87      42
      77      42      18      29      38      76      38       0      16       2      81      20      34      61      76       5       5       8      77      73      28      59      19      92      42      51       6      16      59      98
      46      21      78      15      35      28      93      16       0      84      29      99      34      93      73      63      49      49      80       2      20       3      13      27       8      18      32      93      69      27
      49      20      99      12      13      42      16       2      84       0      61      39      63      25      23      66      68      71      25      29      89      34      48      51      69      77      42      13      80      90
      91      84      16      87      94      69      63      81      29      61       0      57      32      21      91      25      84      79      97      35      95      93      65      86      32      85      42      81      30      74
      78      90      36       5      26      51      28      20      99      39      57       0      92      51       3      57      50      58      48      69      81      67       2      98      77      48      60      79      78      89
      23      65      14      29      11      92      57      34      34      63      32      92       0      23      32      49      80      71      72       9      56      28      64      24      53      30      35      74      62      51
      71      83      39      68      14      47      71      61      93      25      21      51      23       0      30       5      47       1      19      71       3      50      36      82      16      89      71      59      19      93
       7      50      33       7       1      45       3      76      73      23      91       3      32      30       0      81      17      77      87      51      63      25      80      68      60      76      71      38       7      21
      12      95      99      74      16      28      44       5      63      66      25      57      49       5      81       0       1       7      10      49      30      24      94      98      39      99      10      71      29      94
      22       6      90      86      42      35      71       5      49      68      84      50      80      47      17       1       0      19      27       2      11      77      86      18      96      20      39      97      40      72
      40      17       1      43      13      55      78       8      49      71      79      58      71       1      77       7      19       0      32      70      93      66      87      41      61      10      46      65      12      84
      46      29      16      33      15      77      75      77      80      25      97      48      72      19      87      10      27      32       0       9      64       3      67      99      71      23      23      17      81      42
      92      88      89      90      87      85      55      73       2      29      35      69       9      71      51      49       2      70       9       0      11      48      96      54      46      51      93      19      50      51
      68      99      47      53      42      70      83      28      20      89      95      81      56       3      63      30      11      93      64      11       0      32       9      19      20      35      83      68      45      33
      59      37      15      80      21      90      27      59       3      34      93      67      28      50      25      24      77      66       3      48      32       0      58      53      60      82      33       8      30      42
      76      68      45      57      11      55      57      19      13      48      65       2      64      36      80      94      86      87      67      96       9      58       0      22      11      67      19      57       4      72
      69      92      17      67      58      85      60      92      27      51      86      98      24      82      68      98      18      41      99      54      19      53      22       0      62      25      87      70      11      92
      17      65      11      36      11      88      88      42       8      69      32      77      53      16      60      39      96      61      71      46      20      60      11      62       0       7      47       9      79      70
      47      38      51      67       6      52       3      51      18      77      85      48      30      89      76      99      20      10      23      51      35      82      67      25       7       0      43      45      41      90
      91      55      23      88      47      67      51       6      32      42      42      60      35      71      71      10      39      46      23      93      83      33      19      87      47      43       0      20      58      18
      41      93      38      55      61      56       5      16      93      13      81      79      74      59      38      71      97      65      17      19      68       8      57      70       9      45      20       0      97      51
      38      72      36      83      20      13      87      59      69      80      30      78      62      19       7      29      40      12      81      50      45      30       4      11      79      41      58      97       0      72
      44      41      38      71      93      82      42      98      27      90      74      89      51      93      21      94      72      84      42      51      33      42      72      92      70      90      18      51      72       0
       0      12      44      59      74      52      94      37      29       2      65      93      26      76       1      45      52      17      27       2
      12       0      98       4      91      78      78      32      33      47      81      49      71       2      28      81      71      34      52      32
      44      98       0      72      74      82      91      40      24      42      36      25      22      45      56      79      68      98      96      31
      59       4      72       0      50      94      39      68      93      17      22       9      89      14      19      32      13      84      65      40
      74      91      74      50       0      83      24      75      21      86      87      17      91      10      91       3      79       8      26      50
      52      78      82      94      83       0      33      44      24      76      11      36       2      92      43      51      68      38      20      62
      94      78      91      39      24      33       0      41      93      29      73      35      47      13      59      17      30      76      61      87
      37      32      40      68      75      44      41       0      93      92      25      47      40       4      71      95      24      62      96      98
      29      33      24      93      21      24      93      93       0      84      97      84      69      58      53      32      20      36      18      89
       2      47      42      17      86      76      29      92      84       0       6      43      77      15      68      46       1      72      31       2
      65      81      36      22      87      11      73      25      97       6       0      56      52      90      34       9      80      18      66      79
      93      49      25       9      17      36      35      47      84      43      56       0      63       6      44      83      39      66      85      15
      26      71      22      89      91       2      47      40      69      77      52      63       0      95       7      87      19      91      31      28
      76       2      45      14      10      92      13       4      58      15      90       6      95       0      83      80      29       7      27      57
       1      28      56      19      91      43      59      71      53      68      34      44       7      83       0      50      27       5      15      17
      45      81      79      32       3      51      17      95      32      46       9      83      87      80      50       0      98      87      50      49
      52      71      68      13      79      68      30      24      20       1      80      39      19      29      27      98       0      53      55      95
      17      34      98      84       8      38      76      62      36      72      18      66      91       7       5      87      53       0      83      47
      27      52      96      65      26      20      61      96      18      31      66      85      31      27      15      50      55      83       0      78
       2      32      31      40      50      62      87      98      89       2      79      15      28      57      17      49      95      47      78       0
  121860   28125  110214   46574   15536  215393   68190  160194  144676  179897  279747  237046    9338  167244  131528  214313  117630  272487  201806  212884
  287850  199682  298709  174761  120468   21698   19739  120972  205395   93322   23264    8120   80257  220758  252455  111752  205249  140748  202456   14484
   70223  212427  171337  127234  299670  174916  185427  221573  271077  273915   39716  101297   12506  210303  143952  191415  294827  214047   14886  272643
   84286  296319  105645  139466  271132  183101  212454  110122  239747  183376  149629   66258   96105   95007  133341   50721  217975    1391  264760  201522
  143678   62166  153263   49861  164937  150819  170329   60838  139393   42683  274657   44331   88570  106112  299267   14795   96737  200158   41099  227652
  176390   31797   43809  270619   15985  175905  214331  238016  175521  110965  163801  266280  145527  273796  213653  258626  235288  286303   57258  277193
    5667   57441   17908  130613  212335  113556   93697  135309   74993   60023  229932   78426  138157  227634    9750  160780  139182    6518    3479   47709
   49174   21030  267433  106112    2316  148475   32721   55711   79351  234931   74791   12753  160753   11279  104162   54164  215265  262627  169157  280315
   39405  253956  211108  204654   13623   65627  162794   48112   90603  141352  130613   66560   81447  102121   51170  189410  255394  228998  162950  297418
  218552  168013  183596  117969  187405   60280   33527  265785  222672  150407  296465  107266   39130  176299  157402  276680   57039  293664    8926  122089
   10803   38059  166154    9439  280480   77895  181151  262672  161705  261290   97415   68126   39899  210000   34955  121356  183962  163637   46757   44404
  125504  227121  237064   51747   38929  224549   82216  292959  288253  112732  244755  150306  255980  157402  121164  219330  120001  225144  114142  250532
   93844   94384   69829  280370  196075  138441  170805   29581  164442   83681  225226  197091  180318  296118   43031  127436  219202  299304  139576  280077
  192715  176976   57506   78490  197915  163270  147331  167354   39405  173754  197521  255760   40000  280480  154554   74791  205359  284041  223679   27448
   58430  285882  190920   59016  109326  113858   57066  226169   75963  104300   24143  292757  221536  193639  125037   30506   24024  122684  236964  252757
  243711  106772  169304  259230  204031  274858  266545  120175  251658   30597  116733  177855   11188  138798    6463  193484     329  289947   12506  117877
  220877   46409  171199  113812  291448  123087  215833    8313  137397  205780  222992    2893  103530  160359   58137  119946  105380  235938  161375  213415
  284517  215073   63786  121851   83581   14136  175118  291933    6775  187093  233301   50639  281194   35605  256630  154234   84789  178835   88991  192037
  256675   85824   78966  173277  255128  123783  183275  175054   79131  125275   35276  179540   19080  127500  269255  278603  252088   86739  140730   73903
   47727   21149  134000  150654   99804   85009   96966  253096  249534  227506   94256   39881   16168  139219  219101   47517  200369   39460  254606   39799
   76000    7544  225107  171684  136152  211090   28153   45384  108813   34543   87820  187093  107898  261088   19830  122235   35248   10849  249388  277605
  299295   88836  271984   88213  165825  245469  298187  137351  106772  202932  272643  107577  262315   50547    8294   71138  182140  262150  126190  197631
   61516  238648   41492  107293  237577  128992  186608  147843   61662   32483  211639  123096  113263  135721   53138  151515  171172   87215  111642   82656
  207464  262837  228522   49897  120020  225199    2957   87298   69069   30103  139631  188879  133552  283245  167519  238447  252720      91   20783  288042
   68813  172408  222141   13046  236323   94155   59346  222370   13394   50236  195562  151423  201202  120972  104007   16388  246723    5539   67815  157686
   74617  117538  235416  250779  263917  155662  172243  112604   34882  202731   99429  181508  162108  256227   59913  199032   78930  243263    2829  171520
  189291   23410   26596   39762  152357  232230  171483   34809  255613  168764  202191  247950  242063  180135  271068  193136    7205  246357  202685  189950
  131281  118381   90246  245103   62559  212665  244636   60765   17184  215292  186452   47810  211301  298773  122080   71935  190948  104657   93972   11041
  275536   95144  246055   51857   80312  126694   94759    3854   33674  148905  246449   58778  254725  281624  251576  173735    6811   73592  236552  206091
  192815  195626    3680   78225  107449   71440  239948     283  212591   99401  125110   29105   50932  168123  179998  191332   63905  119177  145298  148988
      17      30      53      94      17      70      22      49      12       8      38      27      36      98      53      76      64      76      78      82      15      62      31      34      91      51      40      60      78      93
     120     132     114     122      97      77      89      63     119      85      94     150      50      65     147     125      93     111     122      98