   35    15     2
       0      43      78      61      93      77      46      49      91      78      23      71       7      12      22      40      46      92      68      59      76      69      17      47      91      41      38      44      90      84      24      65      26      42      21
      43       0      20      84      90      65      83      50      95       6      17      29      88      99      37      68      92      65      38      55      93      72      41      34      14      68      97      18      78      99      16      36      14      39      33
      78      20       0      99      90       1      16      89      47      15      45      17      11      51      23      38      36      38      42      88      82      29      15      12      87       5      29      68       7      74      86      43      33      90      53
      61      84      99       0      80      57      67      36      67      88      55      83      71      80      82      38      35      13      94      26      11      14       1      16      42      13      15      87      42      21      11      58      11       6      47
      93      90      90      80       0      61      20      93      85      76      28      42      69      51      92      47      45      28      35      55      77      85      70      90      55      85      88      52      67      56      13      82      38      93      16
      77      65       1      57      61       0      63      28      57      71       3      44      71      78      75      55      83      27      57      60      88       3      51       5      87      42      16       2      81      20      34      61      76       5       5
      46      83      16      67      20      63       0       8      77      73      28      59      19      92      42      51       6      16      59      98      84      29      99      34      93      73      63      49      49      80       2      20       3      13      27
      49      50      89      36      93      28       8       0       8      18      32      93      69      27      61      39      63      25      23      66      68      71      25      29      89      34      48      51      69      77      42      13      80      90      57
      91      95      47      67      85      57      77       8       0      32      21      91      25      84      79      97      35      95      93      65      86      32      85      42      81      30      74      92      51       3      57      50      58      48      69
      78       6      15      88      76      71      73      18      32       0      81      67       2      98      77      48      60      79      78      89      23      32      49      80      71      72       9      56      28      64      24      53      30      35      74
      23      17      45      55      28       3      28      32      21      81       0      62      51      30       5      47       1      19      71       3      50      36      82      16      89      71      59      19      93      81      17      77      87      51      63
      71      29      17      83      42      44      59      93      91      67      62       0      25      80      68      60      76      71      38       7      21       1       7      10      49      30      24      94      98      39      99      10      71      29      94
       7      88      11      71      69      71      19      69      25       2      51      25       0      19      27       2      11      77      86      18      96      20      39      97      40      72      32      70      93      66      87      41      61      10      46
      12      99      51      80      51      78      92      27      84      98      30      80      19       0      65      12      84       9      64       3      67      99      71      23      23      17      81      42      11      48      96      54      46      51      93
      22      37      23      82      92      75      42      61      79      77       5      68      27      65       0      19      50      51      32       9      19      20      35      83      68      45      33      58      53      60      82      33       8      30      42
      40      68      38      38      47      55      51      39      97      48      47      60       2      12      19       0      22      11      67      19      57       4      72      62      25      87      70      11      92       7      47       9      79      70      43
      46      92      36      35      45      83       6      63      35      60       1      76      11      84      50      22       0      45      41      90      20      58      18      97      51      72      12      44      59      74      52      94      37      29       2
      92      65      38      13      28      27      16      25      95      79      19      71      77       9      51      11      45       0      65      93      26      76       1      45      52      17      27       2      98       4      91      78      78      32      33
      68      38      42      94      35      57      59      23      93      78      71      38      86      64      32      67      41      65       0      47      81      49      71       2      28      81      71      34      52      32      72      74      82      91      40
      59      55      88      26      55      60      98      66      65      89       3       7      18       3       9      19      90      93      47       0      24      42      36      25      22      45      56      79      68      98      96      31      50      94      39
      76      93      82      11      77      88      84      68      86      23      50      21      96      67      19      57      20      26      81      24       0      68      93      17      22       9      89      14      19      32      13      84      65      40      83
      69      72      29      14      85       3      29      71      32      32      36       1      20      99      20       4      58      76      49      42      68       0      24      75      21      86      87      17      91      10      91       3      79       8      26
      17      41      15       1      70      51      99      25      85      49      82       7      39      71      35      72      18       1      71      36      93      24       0      50      33      44      24      76      11      36       2      92      43      51      68
      47      34      12      16      90       5      34      29      42      80      16      10      97      23      83      62      97      45       2      25      17      75      50       0      38      20      62      41      93      29      73      35      47      13      59
      91      14      87      42      55      87      93      89      81      71      89      49      40      23      68      25      51      52      28      22      22      21      33      38       0      17      30      76      61      87      93      92      25      47      40
      41      68       5      13      85      42      73      34      30      72      71      30      72      17      45      87      72      17      81      45       9      86      44      20      17       0       4      71      95      24      62      96      98      84      97
      38      97      29      15      88      16      63      48      74       9      59      24      32      81      33      70      12      27      71      56      89      87      24      62      30       4       0      84      69      58      53      32      20      36      18
      44      18      68      87      52       2      49      51      92      56      19      94      70      42      58      11      44       2      34      79      14      17      76      41      76      71      84       0      89       6      43      77      15      68      46
      90      78       7      42      67      81      49      69      51      28      93      98      93      11      53      92      59      98      52      68      19      91      11      93      61      95      69      89       0       1      72      31       2      56      52
      84      99      74      21      56      20      80      77       3      64      81      39      66      48      60       7      74       4      32      98      32      10      36      29      87      24      58       6       1       0      90      34       9      80      18
      24      16      86      11      13      34       2      42      57      24      17      99      87      96      82      47      52      91      72      96      13      91       2      73      93      62      53      43      72      90       0      66      79      63       6
      65      36      43      58      82      61      20      13      50      53      77      10      41      54      33       9      94      78      74      31      84       3      92      35      92      96      32      77      31      34      66       0      44      83      39
      26      14      33      11      38      76       3      80      58      30      87      71      61      46       8      79      37      78      82      50      65      79      43      47      25      98      20      15       2       9      79      44       0      66      85
      42      39      90       6      93       5      13      90      48      35      51      29      10      51      30      70      29      32      91      94      40       8      51      13      47      84      36      68      56      80      63      83      66       0      15
      21      33      53      47      16       5      27      57      69      74      63      94      46      93      42      43       2      33      40      39      83      26      68      59      40      97      18      46      52      18       6      39      85      15       0
       0      95       7      87      19      91      31      28      83      80      29       7      27      57      50
      95       0      27       5      15      17      98      87      50      49      53      55      95      83      47
       7      27       0      78      18      40      39      84      72      39      25       9      25       1      28
      87       5      78       0      41      59      33       2      28      73      55      67      79      69      55
      19      15      18      41       0      17      22      59      22      38      48      86      49      68       5
      91      17      40      59      17       0      70      69      24      76      88      97      52      93      13
      31      98      39      33      22      70       0      44      10      36      89      97      38      63      88
      28      87      84       2      59      69      44       0      97      31       5      31      33      74       5
      83      50      72      28      22      24      10      97       0      96      86      44       4      14      22
      80      49      39      73      38      76      36      31      96       0      40      62      80      79      53
      29      53      25      55      48      88      89       5      86      40       0      30      54      57      31
       7      55       9      67      86      97      97      31      44      62      30       0      47      10      35
      27      95      25      79      49      52      38      33       4      80      54      47       0      55      76
      57      83       1      69      68      93      63      74      14      79      57      10      55       0      86
      50      47      28      55       5      13      88       5      22      53      31      35      76      86       0
    1623  308886  235110  167624   72527  178807   58171  192426  175955  198718   70978  162625   49797  320433   51719
  103332  123798  349145   17261  112860  233518   47949  265594  205789   37096   51110  315723   18649  205223  250053
  277686  204774  129459  191102  310660  169782  319429  249262  301730  274503  334020   66801  323392    6611   67015
   20892  152381  247724  132482  109314  157861   87491   70027  268254   91497  161183  265573   11375  187577  162379
    7605    4058   55661   57370   24535  312005  123798    2702  173221   38175   64996   92576  274086   87256   14879
  187545   13159  121523   63191  251142  306398  197350  327034   45973  296282  246293  238763   15894   76564  189927
   56131  105703  164911  152381   77654   95022  119141   59698  220978  297959  267165  190108  346987  254977  196015
  214195  137630  218639   70326   39115  310083  259784  175475  345876  125144   45652  205682  183635  322794   66545
  342608   10414  142437   12604   44402  193847   11012  327227   90878  211343  306451  188656  304838  113650   79480
   46549  245001   40781  141582  214622  190910   54550   51805  146421  264975  276575   60371   45417  261973   95919
  341785  336295  131521  285547  175357  298643  183635  141358  255885  140002  262668  133165  292287  109485  110115
   81467  327098  228754  161514  199273   34511  191850   97628  262764  229940  210371  345471   50202  148675  255735
  349188  162839  326757  224834  206472   67090   91572  230901  190482  171886  195246   45973  202713  230442  298387
   46667  327227  180314   87256  239585  331382  260959   32023   68169  333529  222740   68852  127547  132834   66577
  263864   88624  121683   28167  341550  258459  225913  145876   35590   28028  143131  276458  294883  284330  124567
  197521  302435  238036  320668  310969  140205  293601   35697  136188  207498   13052  161931    7541  225731     384
  338271   14590  137524  257690   54144  199732  132781  340023  143601  251805    9698  160296  240076  260158    3375
  120786  187086   67827  139938  122943  275261  188271  248985  331937  250918   74417  142159   97511   16492  204304
  340589    7904  218276  272185   59079  328060   41540  299401  179940   98921  208641  103823  224044  299455  100128
   92127  202157  297650  144413  213821  204229   92320  146154   41155  209463   22260  148750  314131  325037  294103
  101196  164185   86220   55682   24674  156334  175763  116438   99177  113127  295278  291123  265424  109965   46528
   18863  162422  255618   55436  233764   46037  297041   46432   88666    8801  262625  200299  158844  246272   32845
   52948  126949   40301  102456  218276  125881  304603   23136  142608   41123   12657  290952  323873  349177  103642
  317314  102916  193462  286381  347885  160243  124567  236754  318083  125507  306035   58972    9677   82995  212497
  305842  147222  230570   71768  278423   48408  125176  277173  150491  217709  172484   71939   37897  246913  143612
  132140  158342   61995  176767  199700  101751  130249   96432  242042  306643  266609   58214  140023  262732    3450
  101847   80581   35120  162903  220358  155810  330452  195439  278188  294840     106   24246  336049   80281  201142
  259164   15221  275710  109848   69237  259431   15627   58609  228156  176660  234736  141134  121341   19119  287844
    6462   79117  183967   87054  137128  274652  292576  307904  181606  200950  131371   40696  236519  116000  211760
  189126  298931   69899  232204   92085  283806    3300  200106  220839   27312   31029   46389  177750  270935  200064
   40610  298216  196891  235889  289275  282407  210158  316246  225325    8406  287417  236466  221608  153161  138111
  105287  285953   72986  248109  285409   70892   20049  251174  217528   55778  246517  348568  142426   83924  222772
  122099  109634   12881  321459  111001  287064   60499   93697  147810  110553    4496   39286  173723  287524   68575
  297180  328562  293505  202691    7947   85857  275977  240440  224951  228231    4293   91262  125357   83347  279940
     331  248023  115968  145962   33956   59421  196143  209997  223221   74556  139040  169515  173819   34052  186690
      17      30      53      94      17      70      22      49      12       8      38      27      36      98      53      76      64      76      78      82      15      62      31      34      91      51      40      60      78      93      86      86      67      75      58
     112     105      90     162     128     121     192      82      95     196     166     119     171     160     129