   35    15     2
       0      14      22      40      62      80      79      53      30      54      57      31      47      10      35      55      76      86      37      77      64       3      74      37      35       5      76      10      99      82      39       5      92      39      12
      14       0      58      15      65      41      49       9      64      95      81      20       5      93      48      90      56      62      43      35      54      32      13      39      78       7      26      38      74      26      62       1       7      30      75
      22      58       0       5      80      74      45      95      98      81      84      33      23      88      89      30      85      81      19      53      10      62      95      14      20      46      82      28      63      37      69      45      47      83       2
      40      15       5       0      43      10      43      82      93      18      83      78      76      21      32      82      67      46      99      47      64      76       4      31      74      87       9      96      47      75      11      85      57      73      73
      62      65      80      43       0      12      13      78      60      11      30      73      67      64      15      92      88      45      98      94      17      28      88      91      42      75      57      18      11      49      46      69      33      81      92
      80      41      74      10      12       0      84       1      36      70      39      84      93      56      94      95      99      85      64      64       1      39      70      35      24      17      27      10      94      24      39      61      78      45      40
      79      49      45      43      13      84       0      34      38      29      63      63      64      43      84      22      98      40      98      25       2      94      97      16      87      28      47      53      13      93      87      60      55      58      66
      53       9      95      82      78       1      34       0      80      40      16      93      45      67      77      55      46      29      37      26       4      75      86      13      49      22      88      46      45      26      92      46      97      13      30
      30      64      98      93      60      36      38      80       0      59      54      68      31      13      95      60      36      27      78      65      92      58      97      76      43      11      78      20      67       1      30      16      42      22      93
      54      95      81      18      11      70      29      40      59       0      22      14      21      84      47      46      56      93      48      70      35      11      53       2      83      70      98      39      80      85      80      39      69      84      11
      57      81      84      83      30      39      63      16      54      22       0      97      80       4       1      26      59      40      20      57      71      37      81      54      40      95       8      77      10      97      11      68      92       7      40
      31      20      33      78      73      84      63      93      68      14      97       0      10      69      65      43      28      33      22      91      79      23      40       9       7      42      96      58       2      16      29      25      39      77      55
      47       5      23      76      67      93      64      45      31      21      80      10       0      57      48      26      83      86      83      75      92      11      31       6      57      46      47      47       8      28      45      21      17      86      33
      10      93      88      21      64      56      43      67      13      84       4      69      57       0      50      78      58      29      71      84      70      30      58      66      47      82      97       7      89      34       9      72      70      76      87
      35      48      89      32      15      94      84      77      95      47       1      65      48      50       0      92      20      50      15      59      63      11      29       3      35      60      62      15      53      97      30      28      43      73      83
      55      90      30      82      92      95      22      55      60      46      26      43      26      78      92       0       4      15      82      13      49      97      70      51      47      47      14      91       3      54      78      77      97      34      75
      76      56      85      67      88      99      98      46      36      56      59      28      83      58      20       4       0      75      51      28      46      85      95      21       9      36      77       5      20      24      16      89      56      21      27
      86      62      81      46      45      85      40      29      27      93      40      33      86      29      50      15      75       0      29      96      46      38       2      14      27      40      67      87      23      97      44      64      45      13      77
      37      43      19      99      98      64      98      37      78      48      20      22      83      71      15      82      51      29       0      41      36      16      35      69      48      16      39      47      76      89      71       2      77      68      56
      77      35      53      47      94      64      25      26      65      70      57      91      75      84      59      13      28      96      41       0      32      39      72      67       8      29      55      46      96      93      20      95      15      20      74
      64      54      10      64      17       1       2       4      92      35      71      79      92      70      63      49      46      46      36      32       0      22      84      49      54       4      71      44      27      52      98       1      71      28      23
       3      32      62      76      28      39      94      75      58      11      37      23      11      30      11      97      85      38      16      39      22       0      15      47      16      43      73      83      83      39      58      43      18      33      10
      74      13      95       4      88      70      97      86      97      53      81      40      31      58      29      70      95       2      35      72      84      15       0      52      58      33      79      44      30      15      88      55      81      24      64
      37      39      14      31      91      35      16      13      76       2      54       9       6      66       3      51      21      14      69      67      49      47      52       0      21      63      12      34       9       3      54      73      72      73      66
      35      78      20      74      42      24      87      49      43      83      40       7      57      47      35      47       9      27      48       8      54      16      58      21       0      41      73      79      51      93      83      21      41       5      86
       5       7      46      87      75      17      28      22      11      70      95      42      46      82      60      47      36      40      16      29       4      43      33      63      41       0      29      63      82       5      50      88       1      83      77
      76      26      82       9      57      27      47      88      78      98       8      96      47      97      62      14      77      67      39      55      71      73      79      12      73      29       0      10      62      18      94      92      86       7      34
      10      38      28      96      18      10      53      46      20      39      77      58      47       7      15      91       5      87      47      46      44      83      44      34      79      63      10       0      32      44      83      24       7      47       6
      99      74      63      47      11      94      13      45      67      80      10       2       8      89      53       3      20      23      76      96      27      83      30       9      51      82      62      32       0      11      15      91      87      38      88
      82      26      37      75      49      24      93      26       1      85      97      16      28      34      97      54      24      97      89      93      52      39      15       3      93       5      18      44      11       0      81      15      77      11      21
      39      62      69      11      46      39      87      92      30      80      11      29      45       9      30      78      16      44      71      20      98      58      88      54      83      50      94      83      15      81       0      63      79      95      15
       5       1      45      85      69      61      60      46      16      39      68      25      21      72      28      77      89      64       2      95       1      43      55      73      21      88      92      24      91      15      63       0      30      48      47
      92       7      47      57      33      78      55      97      42      69      92      39      17      70      43      97      56      45      77      15      71      18      81      72      41       1      86       7      87      77      79      30       0      44      13
      39      30      83      73      81      45      58      13      22      84       7      77      86      76      73      34      21      13      68      20      28      33      24      73       5      83       7      47      38      11      95      48      44       0      98
      12      75       2      73      92      40      66      30      93      11      40      55      33      87      83      75      27      77      56      74      23      10      64      66      86      77      34       6      88      21      15      47      13      98       0
       0      68      63      18      13      38       7      59      60      39      95      25      47      64      72
      68       0      56      16      44       3      56       1      18      72       7      33      84      84      88
      63      56       0      14      73      50      57      55      67      66      80      20      96      56      88
      18      16      14       0       5      24      24      11      54      27      39      38      61      34      78
      13      44      73       5       0      78      84      87      70      97      82       3      57      63      62
      38       3      50      24      78       0      74      71      57      52      99      39      37      27       2
       7      56      57      24      84      74       0       1      43      17      45      12      45      58      42
      59       1      55      11      87      71       1       0      40      49      86       8      92      49      28
      60      18      67      54      70      57      43      40       0      50      76       6      10      29      65
      39      72      66      27      97      52      17      49      50       0      38      60      10      17      46
      95       7      80      39      82      99      45      86      76      38       0      18      24      67      82
      25      33      20      38       3      39      12       8       6      60      18       0      74      18      66
      47      84      96      61      57      37      45      92      10      10      24      74       0      24      31
      64      84      56      34      63      27      58      49      29      17      67      18      24       0      35
      72      88      88      78      62       2      42      28      65      46      82      66      31      35       0
  248600   13298  156024  251944  276148  264537  194466  293729   94872  201634  210061  311258   12454  181040   18575
  307979  148098   58128    8406  285654   70551     534  120604  215050  267496   18233   20444   30634  272740  255970
   99530  206985    2948   68062  322473  149700  180474   21245   57391  208716  343612  295396  104069  346827  121170
  327921  258919  221138  172740  171832  280890   10328   71149   12935   47276   95577   28904   66353  113544  327857
  244947   97842  216203  139468  223360   90023   82834  232696  240749  249070   88282  103225  313586  121918  171149
  181318  242245  269547  149540   48419  283304  316417  200234  112134   76575  321576   90258  297222  278530  341636
  125037  335590  328594  230901  302029  113010  299946  149145  284009  105394  261365  322089  181093   12358  201602
  175037  205468  171117  242982  285110  237929    8149  345727  272025  170348  211920  279512  273200  313031   83977
  113907  172997  281115  251644  254251   31948  198995   99839  224449   85729  186936  105063  123296  259698  218842
  179074  106002   18863  165231    5447   67239  249060   10606  176468  127494  289115   59218  313362  249198  209848
   68147  327707  284191   59762  272003  306654  179085  223125   88164  280014  240119  210393  266652  251783  134073
   26596   73606    4101   26714   37833  172708  106366   85441  331200  343195  137321  347671   38442  248910  102948
  331467   68884   97222    8032   40066  271512  302040   64046  336776   71864  139692  341358  141817  254048  112198
  248440  327803  232834  306547  145994  215210   36701  164259  228701   44563  296613     320   32450  226853   11087
  235494  349989  248686   83016   80944   62443  283806  148141   39564  170102  337598  190942  162743  179555  325923
   67912  176735  180751  115114   33721   67848   71127  124513  290536  240269  160104  118169  205725  185740  211461
  287246  118446   29149  106569  149775   80207   39030  236220   69215  199882   17047  253856  218372   88410  305586
  248088   40397  323552   27462  167218   33251  279918  246806  153674  159250  144691  315221   71053  206355   64259
  342223  181713  252574   42213  154123  207637  260275  183764  330303  132428  101687    7242  230965  327205   92501
  267656    5533  158235  184789   62817   95631    9186  345994   17368  321736  275646  275571  114857  117613  164836
  285793  173264  251612    8406   98152  284405  248696  120925  182204  112315  252616  261984  288164  321095  141871
   84821  149946  127365   88966   79117  160147  197885  276575  240803  343665  337374  110029  176831  331211  137032
  240066  327558   59720   79064   34821  314580   50843   67336  115221   46966  294221  229779  142886  293591   87150
  262561   74407  304229  307199   61546  321330   37630  319162   11226  279673   29000   93185  176490  118147  154870
   85441  267549   39222  128102    7947  323349  151826  181008  239094  133657   70123  219151    1495  145396  327120
  103781  258737  123136  167239   45716  207348   59527  107113  268532  216011  305650  328380  323584   88026  166620
  141625   15167  249145  333005   85793  218211  336829  343067    1666  296368  342875  296336  243890  203631  185793
  113715   70348  126885   64526  314590   23114  152446  270049   55938  239906  164334    6472  254251  110190    7081
  198226  184981  315028  120999   34704  280346   64558  232407  279267  220519   22431  157081  293740  138602  231051
  299401   55404  334618   26703  305073   67731  319013  108854  100331  291486  280730  102317   25400   97895  200459
  176714   94936   20358   54080   62005  343409  306131  176810  174364  188036  194766  333315  291305  167421  274823
   64056  140215  138261  295236  253268  139361   88282   33112   88795    5319   98130  144434  209132  116054    9901
   99188  258011  193569  235334  277600  241775  195268   61247   78914  209987   78102  135270  169365  304358  174471
  239468   20786  246581  244050   84810  266695  310168  340557  184308  326992   46678  157455   37406  128209  311738
  341871  133817  220786  310937  340461  109282   19653  111194  116588  261226   20209  337726  302755  157060   15669
      17      30      53      94      17      70      22      49      12       8      38      27      36      98      53      76      64      76      78      82      15      62      31      34      91      51      40      60      78      93      86      86      67      75      58
     197     194     154     285     216     221     322     150     156     336     281     207     291     271     222