   40     9     2
       0      33      60      54      85      19      66      26      81      57      63       7       8      13      50      77      57      11      85      56      67      82      80      60      90      64       2      82      67      63      43      39      30      81      20      70      81      20       5      71
      33       0      62      15      70      99      40      23      63      34      31       3      91      31      82      17      26      42      31       1      11      49      82      19      84      93      83      57       2      24      78      68      64      65       1      26      35      23      79      70
      60      62       0      33      41       9      16      56      59      63      21      39      48      49       9      53      43      78      61      93      77      46      49      91      78      23      71       7      12      22      40      46      92      68      59      76      69      17      47      91
      54      15      33       0      41      38      44      90      84      24      65      26      42      21      20      84      90      65      83      50      95       6      17      29      88      99      37      68      92      65      38      55      93      72      41      34      14      68      97      18
      85      70      41      41       0      78      99      16      36      14      39      33      99      90       1      16      89      47      15      45      17      11      51      23      38      36      38      42      88      82      29      15      12      87       5      29      68       7      74      86
      19      99       9      38      78       0      43      33      90      53      80      57      67      36      67      88      55      83      71      80      82      38      35      13      94      26      11      14       1      16      42      13      15      87      42      21      11      58      11       6
      66      40      16      44      99      43       0      47      61      20      93      85      76      28      42      69      51      92      47      45      28      35      55      77      85      70      90      55      85      88      52      67      56      13      82      38      93      16      63      28
      26      23      56      90      16      33      47       0      57      71       3      44      71      78      75      55      83      27      57      60      88       3      51       5      87      42      16       2      81      20      34      61      76       5       5       8      77      73      28      59
      81      63      59      84      36      90      61      57       0      19      92      42      51       6      16      59      98      84      29      99      34      93      73      63      49      49      80       2      20       3      13      27       8      18      32      93      69      27      61      39
      57      34      63      24      14      53      20      71      19       0      63      25      23      66      68      71      25      29      89      34      48      51      69      77      42      13      80      90      57      32      21      91      25      84      79      97      35      95      93      65
      63      31      21      65      39      80      93       3      92      63       0      86      32      85      42      81      30      74      92      51       3      57      50      58      48      69      81      67       2      98      77      48      60      79      78      89      23      32      49      80
       7       3      39      26      33      57      85      44      42      25      86       0      71      72       9      56      28      64      24      53      30      35      74      62      51      30       5      47       1      19      71       3      50      36      82      16      89      71      59      19
       8      91      48      42      99      67      76      71      51      23      32      71       0      93      81      17      77      87      51      63      25      80      68      60      76      71      38       7      21       1       7      10      49      30      24      94      98      39      99      10
      13      31      49      21      90      36      28      78       6      66      85      72      93       0      71      29      94      19      27       2      11      77      86      18      96      20      39      97      40      72      32      70      93      66      87      41      61      10      46      65
      50      82       9      20       1      67      42      75      16      68      42       9      81      71       0      12      84       9      64       3      67      99      71      23      23      17      81      42      11      48      96      54      46      51      93      19      50      51      32       9
      77      17      53      84      16      88      69      55      59      71      81      56      17      29      12       0      19      20      35      83      68      45      33      58      53      60      82      33       8      30      42      22      11      67      19      57       4      72      62      25
      57      26      43      90      89      55      51      83      98      25      30      28      77      94      84      19       0      87      70      11      92       7      47       9      79      70      43      45      41      90      20      58      18      97      51      72      12      44      59      74
      11      42      78      65      47      83      92      27      84      29      74      64      87      19       9      20      87       0      52      94      37      29       2      65      93      26      76       1      45      52      17      27       2      98       4      91      78      78      32      33
      85      31      61      83      15      71      47      57      29      89      92      24      51      27      64      35      70      52       0      47      81      49      71       2      28      81      71      34      52      32      72      74      82      91      40      24      42      36      25      22
      56       1      93      50      45      80      45      60      99      34      51      53      63       2       3      83      11      94      47       0      45      56      79      68      98      96      31      50      94      39      68      93      17      22       9      89      14      19      32      13
      67      11      77      95      17      82      28      88      34      48       3      30      25      11      67      68      92      37      81      45       0      84      65      40      83      24      75      21      86      87      17      91      10      91       3      79       8      26      50      33
      82      49      46       6      11      38      35       3      93      51      57      35      80      77      99      45       7      29      49      56      84       0      44      24      76      11      36       2      92      43      51      68      38      20      62      41      93      29      73      35
      80      82      49      17      51      35      55      51      73      69      50      74      68      86      71      33      47       2      71      79      65      44       0      47      13      59      17      30      76      61      87      93      92      25      47      40       4      71      95      24
      60      19      91      29      23      13      77       5      63      77      58      62      60      18      23      58       9      65       2      68      40      24      47       0      62      96      98      84      97      84      69      58      53      32      20      36      18      89       6      43
      90      84      78      88      38      94      85      87      49      42      48      51      76      96      23      53      79      93      28      98      83      76      13      62       0      77      15      68      46       1      72      31       2      56      52      90      34       9      80      18
      64      93      23      99      36      26      70      42      49      13      69      30      71      20      17      60      70      26      81      96      24      11      59      96      77       0      66      79      63       6      44      83      39      66      85      15      95       7      87      19
       2      83      71      37      38      11      90      16      80      80      81       5      38      39      81      82      43      76      71      31      75      36      17      98      15      66       0      91      31      28      83      80      29       7      27      57      50      27       5      15
      82      57       7      68      42      14      55       2       2      90      67      47       7      97      42      33      45       1      34      50      21       2      30      84      68      79      91       0      17      98      87      50      49      53      55      95      83      47      78      18
      67       2      12      92      88       1      85      81      20      57       2       1      21      40      11       8      41      45      52      94      86      92      76      97      46      63      31      17       0      40      39      84      72      39      25       9      25       1      28      41
      63      24      22      65      82      16      88      20       3      32      98      19       1      72      48      30      90      52      32      39      87      43      61      84       1       6      28      98      40       0      59      33       2      28      73      55      67      79      69      55
      43      78      40      38      29      42      52      34      13      21      77      71       7      32      96      42      20      17      72      68      17      51      87      69      72      44      83      87      39      59       0      17      22      59      22      38      48      86      49      68
      39      68      46      55      15      13      67      61      27      91      48       3      10      70      54      22      58      27      74      93      91      68      93      58      31      83      80      50      84      33      17       0       5      70      69      24      76      88      97      52
      30      64      92      93      12      15      56      76       8      25      60      50      49      93      46      11      18       2      82      17      10      38      92      53       2      39      29      49      72       2      22       5       0      93      13      44      10      36      89      97
      81      65      68      72      87      87      13       5      18      84      79      36      30      66      51      67      97      98      91      22      91      20      25      32      56      66       7      53      39      28      59      70      93       0      38      63      88      97      31       5
      20       1      59      41       5      42      82       5      32      79      78      82      24      87      93      19      51       4      40       9       3      62      47      20      52      85      27      55      25      73      22      69      13      38       0      31      33      74       5      96
      70      26      76      34      29      21      38       8      93      97      89      16      94      41      19      57      72      91      24      89      79      41      40      36      90      15      57      95       9      55      38      24      44      63      31       0      86      44       4      14
      81      35      69      14      68      11      93      77      69      35      23      89      98      61      50       4      12      78      42      14       8      93       4      18      34      95      50      83      25      67      48      76      10      88      33      86       0      22      40      62
      20      23      17      68       7      58      16      73      27      95      32      71      39      10      51      72      44      78      36      19      26      29      71      89       9       7      27      47       1      79      86      88      36      97      74      44      22       0      80      79
       5      79      47      97      74      11      63      28      61      93      49      59      99      46      32      62      59      32      25      32      50      73      95       6      80      87       5      78      28      69      49      97      89      31       5       4      40      80       0      53
      71      70      91      18      86       6      28      59      39      65      80      19      10      65       9      25      74      33      22      13      33      35      24      43      18      19      15      18      41      55      68      52      97       5      96      14      62      79      53       0
       0      30      54      57      31      47      10      35      55
      30       0      76      86      37      77      64       3      74
      54      76       0      37      35       5      76      10      99
      57      86      37       0      82      39       5      92      39
      31      37      35      82       0      12      58      15      65
      47      77       5      39      12       0      41      49       9
      10      64      76       5      58      41       0      64      95
      35       3      10      92      15      49      64       0      81
      55      74      99      39      65       9      95      81       0
   99722   17004  214337   15039  138883   72219  287020  350169  225543
  373754   52540  338608  281478  272872   18164   87502  217059   64149
  120804  188470  174150   88747  108597  136161   68227  252546  340525
  305331  217267  396557  291402  224018  244795  157292  249873   80373
   44703  354380  296896  200543  395287  143021   52174  235065  209869
  368907   76052  391552   11902  162785   14404   50746  221539   12585
  373973  103860  241535  350230  215607  348387  129886   90835   53199
  280001   46607  161809  245283  218182   62343   59205  167339  302829
  316086   68996   51905  299398  109622  390612  384337  150309  326340
  200408  341306  209869  161552  292440  160002  300192  152189  334043
  125125  125846   93105  373827  261433  184588  227741   39442  219257
  111575  300302  262788  240424  394824   57374  169914  292269  399072
  186101  373436  256953  235969   76674  104654  263887  217694  196441
  223139   52540  231672  263362  341013   53334  373973  206073   99722
  273812  378722  298239   36597   77907  381176  254560   78688  145768
  151811   76088  301559  101284  139066   32190  390343  295382  258186
  166716   40675   32032  163579  315952  337009  324948  142362  225739
  345640  272041  366478  355394  160234  335544   40797  155644  237141
   14917  185064    8618  257979     439  386596   16675  157170  294503
   61879  228266  151750  388598  164116  287777   11084  183196  274373
  297323    3857  138041  213812   77517  159929  140507  314584  215167
  284554  379357  286764   85048  162468  111441   18848  233491  389245
    9033  249458  311069   67519  374925   47474  342173  205645  113052
  238447  118655  256050  342234  114432  105288  231037  340171  165044
  244367  233405  105508  167033   47035  239387   25440  170000  359007
  371471  336118  115652  187640   98538   63637   28199  178667  200872
  133072  113345  129288  337461  332712  303341  125675   53175   21558
  185625  292135   63356  267159   52613  339475   53065  101333   10058
  300143  228913  181536  281453   37537   60512  145084   46058  117093
  249458  143864  348118   26441  162981   46998   14465  332517  370140
  399060  118448  362645  117618  221100  327292  397582  183135  142362
  270577  363524  143436  349754   67397   11059   94851  242854  349534
  168254  263509   82021  318198   55323  143058  316769  171990  248811
  197125   82216   43311  282186  164128  151017  180962   70851  202020
  228229  116287  148857  110208  276619  350450  304696   66530  160026
  300265    3942  116397   92092   40137  186175  251838  178069  377660
  223358  317929  336960     122   27710  384057   91750  229877  296188
   17395  315097  125540   79128  296493   17859   66982  260750  201898
  268269  161296  138676   21851  328965    7385   90420  210248   99490
  156718  313888  334372  351890  207550  229657  150138   46510  270308
      17      30      53      94      17      70      22      49      12       8      38      27      36      98      53      76      64      76      78      82      15      62      31      34      91      51      40      60      78      93      86      86      67      75      58      38      35      20      82      41
     226     348     150     162     355     304     221     300     189