   40     7     2
       0      51      30       5      47       1      19      71       3      50      36      82      16      89      71      59      19      93      81      17      77      87      51      63      25      80      68      60      76      71      38       7      21       1       7      10      49      30      24      94
      51       0      98      39      99      10      71      29      94      19      27       2      11      77      86      18      96      20      39      97      40      72      32      70      93      66      87      41      61      10      46      65      12      84       9      64       3      67      99      71
      30      98       0      23      23      17      81      42      11      48      96      54      46      51      93      19      50      51      32       9      19      20      35      83      68      45      33      58      53      60      82      33       8      30      42      22      11      67      19      57
       5      39      23       0       4      72      62      25      87      70      11      92       7      47       9      79      70      43      45      41      90      20      58      18      97      51      72      12      44      59      74      52      94      37      29       2      65      93      26      76
      47      99      23       4       0       1      45      52      17      27       2      98       4      91      78      78      32      33      47      81      49      71       2      28      81      71      34      52      32      72      74      82      91      40      24      42      36      25      22      45
       1      10      17      72       1       0      56      79      68      98      96      31      50      94      39      68      93      17      22       9      89      14      19      32      13      84      65      40      83      24      75      21      86      87      17      91      10      91       3      79
      19      71      81      62      45      56       0       8      26      50      33      44      24      76      11      36       2      92      43      51      68      38      20      62      41      93      29      73      35      47      13      59      17      30      76      61      87      93      92      25
      71      29      42      25      52      79       8       0      47      40       4      71      95      24      62      96      98      84      97      84      69      58      53      32      20      36      18      89       6      43      77      15      68      46       1      72      31       2      56      52
       3      94      11      87      17      68      26      47       0      90      34       9      80      18      66      79      63       6      44      83      39      66      85      15      95       7      87      19      91      31      28      83      80      29       7      27      57      50      27       5
      50      19      48      70      27      98      50      40      90       0      15      17      98      87      50      49      53      55      95      83      47      78      18      40      39      84      72      39      25       9      25       1      28      41      59      33       2      28      73      55
      36      27      96      11       2      96      33       4      34      15       0      67      79      69      55      17      22      59      22      38      48      86      49      68       5      70      69      24      76      88      97      52      93      13      44      10      36      89      97      38
      82       2      54      92      98      31      44      71       9      17      67       0      63      88      97      31       5      31      33      74       5      96      86      44       4      14      22      40      62      80      79      53      30      54      57      31      47      10      35      55
      16      11      46       7       4      50      24      95      80      98      79      63       0      76      86      37      77      64       3      74      37      35       5      76      10      99      82      39       5      92      39      12      58      15      65      41      49       9      64      95
      89      77      51      47      91      94      76      24      18      87      69      88      76       0      81      20       5      93      48      90      56      62      43      35      54      32      13      39      78       7      26      38      74      26      62       1       7      30      75       5
      71      86      93       9      78      39      11      62      66      50      55      97      86      81       0      80      74      45      95      98      81      84      33      23      88      89      30      85      81      19      53      10      62      95      14      20      46      82      28      63
      59      18      19      79      78      68      36      96      79      49      17      31      37      20      80       0      37      69      45      47      83       2      43      10      43      82      93      18      83      78      76      21      32      82      67      46      99      47      64      76
      19      96      50      70      32      93       2      98      63      53      22       5      77       5      74      37       0       4      31      74      87       9      96      47      75      11      85      57      73      73      12      13      78      60      11      30      73      67      64      15
      93      20      51      43      33      17      92      84       6      55      59      31      64      93      45      69       4       0      92      88      45      98      94      17      28      88      91      42      75      57      18      11      49      46      69      33      81      92      84       1
      81      39      32      45      47      22      43      97      44      95      22      33       3      48      95      45      31      92       0      36      70      39      84      93      56      94      95      99      85      64      64       1      39      70      35      24      17      27      10      94
      17      97       9      41      81       9      51      84      83      83      38      74      74      90      98      47      74      88      36       0      24      39      61      78      45      40      34      38      29      63      63      64      43      84      22      98      40      98      25       2
      77      40      19      90      49      89      68      69      39      47      48       5      37      56      81      83      87      45      70      24       0      94      97      16      87      28      47      53      13      93      87      60      55      58      66      80      40      16      93      45
      87      72      20      20      71      14      38      58      66      78      86      96      35      62      84       2       9      98      39      39      94       0      67      77      55      46      29      37      26       4      75      86      13      49      22      88      46      45      26      92
      51      32      35      58       2      19      20      53      85      18      49      86       5      43      33      43      96      94      84      61      97      67       0      46      97      13      30      59      54      68      31      13      95      60      36      27      78      65      92      58
      63      70      83      18      28      32      62      32      15      40      68      44      76      35      23      10      47      17      93      78      16      77      46       0      97      76      43      11      78      20      67       1      30      16      42      22      93      22      14      21
      25      93      68      97      81      13      41      20      95      39       5       4      10      54      88      43      75      28      56      45      87      55      97      97       0      84      47      46      56      93      48      70      35      11      53       2      83      70      98      39
      80      66      45      51      71      84      93      36       7      84      70      14      99      32      89      82      11      88      94      40      28      46      13      76      84       0      80      85      80      39      69      84      11      97      80       4       1      26      59      40
      68      87      33      72      34      65      29      18      87      72      69      22      82      13      30      93      85      91      95      34      47      29      30      43      47      80       0      20      57      71      37      81      54      40      95       8      77      10      97      11
      60      41      58      12      52      40      73      89      19      39      24      40      39      39      85      18      57      42      99      38      53      37      59      11      46      85      20       0      68      92       7      40      10      69      65      43      28      33      22      91
      76      61      53      44      32      83      35       6      91      25      76      62       5      78      81      83      73      75      85      29      13      26      54      78      56      80      57      68       0      79      23      40       9       7      42      96      58       2      16      29
      71      10      60      59      72      24      47      43      31       9      88      80      92       7      19      78      73      57      64      63      93       4      68      20      93      39      71      92      79       0      25      39      77      55      57      48      26      83      86      83
      38      46      82      74      74      75      13      77      28      25      97      79      39      26      53      76      12      18      64      63      87      75      31      67      48      69      37       7      23      25       0      75      92      11      31       6      57      46      47      47
       7      65      33      52      82      21      59      15      83       1      52      53      12      38      10      21      13      11       1      64      60      86      13       1      70      84      81      40      40      39      75       0       8      28      45      21      17      86      33      50
      21      12       8      94      91      86      17      68      80      28      93      30      58      74      62      32      78      49      39      43      55      13      95      30      35      11      54      10       9      77      92       8       0      78      58      29      71      84      70      30
       1      84      30      37      40      87      30      46      29      41      13      54      15      26      95      82      60      46      70      84      58      49      60      16      11      97      40      69       7      55      11      28      78       0      58      66      47      82      97       7
       7       9      42      29      24      17      76       1       7      59      44      57      65      62      14      67      11      69      35      22      66      22      36      42      53      80      95      65      42      57      31      45      58      58       0      89      34       9      72      70
      10      64      22       2      42      91      61      72      27      33      10      31      41       1      20      46      30      33      24      98      80      88      27      22       2       4       8      43      96      48       6      21      29      66      89       0      76      87      92      20
      49       3      11      65      36      10      87      31      57       2      36      47      49       7      46      99      73      81      17      40      40      46      78      93      83       1      77      28      58      26      57      17      71      47      34      76       0      50      15      59
      30      67      67      93      25      91      93       2      50      28      89      10       9      30      82      47      67      92      27      98      16      45      65      22      70      26      10      33       2      83      46      86      84      82       9      87      50       0      63      11
      24      99      19      26      22       3      92      56      27      73      97      35      64      75      28      64      64      84      10      25      93      26      92      14      98      59      97      22      16      86      47      33      70      97      72      92      15      63       0      29
      94      71      57      76      45      79      25      52       5      55      38      55      95       5      63      76      15       1      94       2      45      92      58      21      39      40      11      91      29      83      47      50      30       7      70      20      59      11      29       0
       0       3      35      60      62      15      53
       3       0      97      30      28      43      73
      35      97       0      83       4      15      82
      60      30      83       0      13      49      97
      62      28       4      13       0      70      51
      15      43      15      49      70       0      47
      53      73      82      97      51      47       0
   68153  189202  365648  166985  155168  177349  363499
  336130   96926  260322  106021  170097   86342   82790
  339902  362840  262105  335251  202667  381652   25952
   68276  117764  354722  399951  150090  273250  370201
  260896  154252  221491  374657  289803  165532  137553
   58156  273531  391210   73647  313608  396349   65236
  147148   57741  158867  133072  399731    1513  361741
    4284   65077  356932  191753   60731  182757   68324
   47791  207672   95547  155314  144071  155375  168022
  354857  328244  118680   63600   50123  351890   21985
  117764  273702   30799  297335  344846  172161  132670
  362767  215863  320273  229486  268855  145072  271639
  352476     537  222479  333677  286703  322080  330027
  154252  143131   52272  378832  107632   45484   57911
    5029   67030  169438   52430   61769  351475  171684
   87759   44691  234321   46314   26453  188592    1013
  246113   81948  372618  343650  306051  114175  171611
  279537  206781  368199  191033  181756  115408  143278
  222931  308700  341074  280013  360570  220490  342905
  352745  209088  269502  227875   55165  329831  152714
  375926   66225  255720  113199  229889  284115   15198
  178313  287936  315598  302328  222247  335691  108426
  230439  240070  355723   14233  206903   21228  351976
  169255   66432    9607  326462   80629     610  137833
  245771  305710   20838   23364   35010  311703  292538
  113748  236555    3369   77785  368541  171086  206256
   24280   65590  238532  392699  337595  118936  396374
  138480  374767  295907  252729  197418  196380  321018
   11804   81313   14783   54029  109231   33033   75832
  129764  374694  279940  111819  247090  159392  255269
  102883   94668  265938  275142  284652  100894  117972
  358384  139335  195599  207220  276851  308053  170903
   55336  323776  361619  228839  128153   87514  367516
  103152  339683  318320  390441  142899  383532  375536
  263887  345176  129154  342796  170451  324582  120450
  298702  368102  206964   14123  230402  200042  234821
  195562  277694  325840  271919    9314  395117  310885
  194683  242194  319443  312228  357750   95974  130179
  197711  321274  287594  290572   36512  227423  114102
  256514   97976  213641  120072  140910  296798  250105
      17      30      53      94      17      70      22      49      12       8      38      27      36      98      53      76      64      76      78      82      15      62      31      34      91      51      40      60      78      93      86      86      67      75      58      38      35      20      82      41
     400     620     253     309     620     489     166