   40    10     2
       0      42      81      30      74      92      51       3      57      50      58      48      69      81      67       2      98      77      48      60      79      78      89      23      32      49      80      71      72       9      56      28      64      24      53      30      35      74      62      51
      42       0      30       5      47       1      19      71       3      50      36      82      16      89      71      59      19      93      81      17      77      87      51      63      25      80      68      60      76      71      38       7      21       1       7      10      49      30      24      94
      81      30       0      98      39      99      10      71      29      94      19      27       2      11      77      86      18      96      20      39      97      40      72      32      70      93      66      87      41      61      10      46      65      12      84       9      64       3      67      99
      30       5      98       0      71      23      23      17      81      42      11      48      96      54      46      51      93      19      50      51      32       9      19      20      35      83      68      45      33      58      53      60      82      33       8      30      42      22      11      67
      74      47      39      71       0      19      57       4      72      62      25      87      70      11      92       7      47       9      79      70      43      45      41      90      20      58      18      97      51      72      12      44      59      74      52      94      37      29       2      65
      92       1      99      23      19       0      93      26      76       1      45      52      17      27       2      98       4      91      78      78      32      33      47      81      49      71       2      28      81      71      34      52      32      72      74      82      91      40      24      42
      51      19      10      23      57      93       0      36      25      22      45      56      79      68      98      96      31      50      94      39      68      93      17      22       9      89      14      19      32      13      84      65      40      83      24      75      21      86      87      17
       3      71      71      17       4      26      36       0      91      10      91       3      79       8      26      50      33      44      24      76      11      36       2      92      43      51      68      38      20      62      41      93      29      73      35      47      13      59      17      30
      57       3      29      81      72      76      25      91       0      76      61      87      93      92      25      47      40       4      71      95      24      62      96      98      84      97      84      69      58      53      32      20      36      18      89       6      43      77      15      68
      50      50      94      42      62       1      22      10      76       0      46       1      72      31       2      56      52      90      34       9      80      18      66      79      63       6      44      83      39      66      85      15      95       7      87      19      91      31      28      83
      58      36      19      11      25      45      45      91      61      46       0      80      29       7      27      57      50      27       5      15      17      98      87      50      49      53      55      95      83      47      78      18      40      39      84      72      39      25       9      25
      48      82      27      48      87      52      56       3      87       1      80       0       1      28      41      59      33       2      28      73      55      67      79      69      55      17      22      59      22      38      48      86      49      68       5      70      69      24      76      88
      69      16       2      96      70      17      79      79      93      72      29       1       0      97      52      93      13      44      10      36      89      97      38      63      88      97      31       5      31      33      74       5      96      86      44       4      14      22      40      62
      81      89      11      54      11      27      68       8      92      31       7      28      97       0      80      79      53      30      54      57      31      47      10      35      55      76      86      37      77      64       3      74      37      35       5      76      10      99      82      39
      67      71      77      46      92       2      98      26      25       2      27      41      52      80       0       5      92      39      12      58      15      65      41      49       9      64      95      81      20       5      93      48      90      56      62      43      35      54      32      13
       2      59      86      51       7      98      96      50      47      56      57      59      93      79       5       0      39      78       7      26      38      74      26      62       1       7      30      75       5      80      74      45      95      98      81      84      33      23      88      89
      98      19      18      93      47       4      31      33      40      52      50      33      13      53      92      39       0      30      85      81      19      53      10      62      95      14      20      46      82      28      63      37      69      45      47      83       2      43      10      43
      77      93      96      19       9      91      50      44       4      90      27       2      44      30      39      78      30       0      82      93      18      83      78      76      21      32      82      67      46      99      47      64      76       4      31      74      87       9      96      47
      48      81      20      50      79      78      94      24      71      34       5      28      10      54      12       7      85      82       0      75      11      85      57      73      73      12      13      78      60      11      30      73      67      64      15      92      88      45      98      94
      60      17      39      51      70      78      39      76      95       9      15      73      36      57      58      26      81      93      75       0      17      28      88      91      42      75      57      18      11      49      46      69      33      81      92      84       1      36      70      39
      79      77      97      32      43      32      68      11      24      80      17      55      89      31      15      38      19      18      11      17       0      84      93      56      94      95      99      85      64      64       1      39      70      35      24      17      27      10      94      24
      78      87      40       9      45      33      93      36      62      18      98      67      97      47      65      74      53      83      85      28      84       0      39      61      78      45      40      34      38      29      63      63      64      43      84      22      98      40      98      25
      89      51      72      19      41      47      17       2      96      66      87      79      38      10      41      26      10      78      57      88      93      39       0       2      94      97      16      87      28      47      53      13      93      87      60      55      58      66      80      40
      23      63      32      20      90      81      22      92      98      79      50      69      63      35      49      62      62      76      73      91      56      61       2       0      16      93      45      67      77      55      46      29      37      26       4      75      86      13      49      22
      32      25      70      35      20      49       9      43      84      63      49      55      88      55       9       1      95      21      73      42      94      78      94      16       0      88      46      45      26      92      46      97      13      30      59      54      68      31      13      95
      49      80      93      83      58      71      89      51      97       6      53      17      97      76      64       7      14      32      12      75      95      45      97      93      88       0      60      36      27      78      65      92      58      97      76      43      11      78      20      67
      80      68      66      68      18       2      14      68      84      44      55      22      31      86      95      30      20      82      13      57      99      40      16      45      46      60       0       1      30      16      42      22      93      22      14      21      84      47      46      56
      71      60      87      45      97      28      19      38      69      83      95      59       5      37      81      75      46      67      78      18      85      34      87      67      45      36       1       0      93      48      70      35      11      53       2      83      70      98      39      80
      72      76      41      33      51      81      32      20      58      39      83      22      31      77      20       5      82      46      60      11      64      38      28      77      26      27      30      93       0      85      80      39      69      84      11      97      80       4       1      26
       9      71      61      58      72      71      13      62      53      66      47      38      33      64       5      80      28      99      11      49      64      29      47      55      92      78      16      48      85       0      59      40      20      57      71      37      81      54      40      95
      56      38      10      53      12      34      84      41      32      85      78      48      74       3      93      74      63      47      30      46       1      63      53      46      46      65      42      70      80      59       0       8      77      10      97      11      68      92       7      40
      28       7      46      60      44      52      65      93      20      15      18      86       5      74      48      45      37      64      73      69      39      63      13      29      97      92      22      35      39      40       8       0      10      69      65      43      28      33      22      91
      64      21      65      82      59      32      40      29      36      95      40      49      96      37      90      95      69      76      67      33      70      64      93      37      13      58      93      11      69      20      77      10       0      79      23      40       9       7      42      96
      24       1      12      33      74      72      83      73      18       7      39      68      86      35      56      98      45       4      64      81      35      43      87      26      30      97      22      53      84      57      10      69      79       0      58       2      16      29      25      39
      53       7      84       8      52      74      24      35      89      87      84       5      44       5      62      81      47      31      15      92      24      84      60       4      59      76      14       2      11      71      97      65      23      58       0      77      55      57      48      26
      30      10       9      30      94      82      75      47       6      19      72      70       4      76      43      84      83      74      92      84      17      22      55      75      54      43      21      83      97      37      11      43      40       2      77       0      83      86      83      75
      35      49      64      42      37      91      21      13      43      91      39      69      14      10      35      33       2      87      88       1      27      98      58      86      68      11      84      70      80      81      68      28       9      16      55      83       0      92      11      31
      74      30       3      22      29      40      86      59      77      31      25      24      22      99      54      23      43       9      45      36      10      40      66      13      31      78      47      98       4      54      92      33       7      29      57      86      92       0       6      57
      62      24      67      11       2      24      87      17      15      28       9      76      40      82      32      88      10      96      98      70      94      98      80      49      13      20      46      39       1      40       7      22      42      25      48      83      11       6       0      46
      51      94      99      67      65      42      17      30      68      83      25      88      62      39      13      89      43      47      94      39      24      25      40      22      95      67      56      80      26      95      40      91      96      39      26      75      31      57      46       0
       0      47      47       8      28      45      21      17      86      33
      47       0      50      78      58      29      71      84      70      30
      47      50       0      58      66      47      82      97       7      89
       8      78      58       0      34       9      72      70      76      87
      28      58      66      34       0      92      20      50      15      59
      45      29      47       9      92       0      63      11      29       3
      21      71      82      72      20      63       0      35      60      62
      17      84      97      70      50      11      35       0      15      53
      86      70       7      76      15      29      60      15       0      97
      33      30      89      87      59       3      62      53      97       0
  300265    3942  116397   92092   40137  186175  251838  178069  377660  223358
  317929  336960     122   27710  384057   91750  229877  296188   17395  315097
  125540   79128  296493   17859   66982  260750  201898  268269  161296  138676
   21851  328965    7385   90420  210248   99490  156718  313888  334372  351890
  207550  229657  150138   46510  270308  132572  242011  216144  341636   79885
  265376  105240  324350    3772  228693  252388   31214   35462   53016  203143
  309640  228644   46412  340818  225019  269588  330600  322751  240180  361424
  257515    9607  328476  270247  253267  175041  157841  120328  326804   83413
  283553  326181   81020   22913  287057  248603   63747  281734  398364  162773
   95913  254597  139542  125296   14722  367381  126859  328073   69142  107083
  168926  126346    5139   44898  198541  328598   78371  339634  375499  335435
  231647    9082   98123  315402  274788  257087  260835    4907  104300  143266
   95254  319931     378  283455  132535  166814   38807   67909  224164  239997
  255110   85207  158903  193731  198651   38917  213361  175713  314047  244843
  373595  309787  187322  196185  365343  315439   94607  284224   30347   51503
   90481  161931  186272  371654  273775  238056  307675  278878   68153  189202
  365648  166985  155168  177349  363499  336130   96926  260322  106021  170097
   86342   82790  339902  362840  262105  335251  202667  381652   25952   68276
  117764  354722  399951  150090  273250  370201  260896  154252  221491  374657
  289803  165532  137553   58156  273531  391210   73647  313608  396349   65236
  147148   57741  158867  133072  399731    1513  361741    4284   65077  356932
  191753   60731  182757   68324   47791  207672   95547  155314  144071  155375
  168022  354857  328244  118680   63600   50123  351890   21985  117764  273702
   30799  297335  344846  172161  132670  362767  215863  320273  229486  268855
  145072  271639  352476     537  222479  333677  286703  322080  330027  154252
  143131   52272  378832  107632   45484   57911    5029   67030  169438   52430
   61769  351475  171684   87759   44691  234321   46314   26453  188592    1013
  246113   81948  372618  343650  306051  114175  171611  279537  206781  368199
  191033  181756  115408  143278  222931  308700  341074  280013  360570  220490
  342905  352745  209088  269502  227875   55165  329831  152714  375926   66225
  255720  113199  229889  284115   15198  178313  287936  315598  302328  222247
  335691  108426  230439  240070  355723   14233  206903   21228  351976  169255
   66432    9607  326462   80629     610  137833  245771  305710   20838   23364
   35010  311703  292538  113748  236555    3369   77785  368541  171086  206256
   24280   65590  238532  392699  337595  118936  396374  138480  374767  295907
  252729  197418  196380  321018   11804   81313   14783   54029  109231   33033
   75832  129764  374694  279940  111819  247090  159392  255269  102883   94668
  265938  275142  284652  100894  117972  358384  139335  195599  207220  276851
  308053  170903   55336  323776  361619  228839  128153   87514  367516  103152
  339683  318320  390441  142899  383532  375536  263887  345176  129154  342796
      17      30      53      94      17      70      22      49      12       8      38      27      36      98      53      76      64      76      78      82      15      62      31      34      91      51      40      60      78      93      86      86      67      75      58      38      35      20      82      41
     296     448     176     198     456     368     280     391     369     314