   50    10     2
       0      59      88      44       8      35      12      44       2      93      23      48       7      36      65      63      32      77      97      52      95      46       1      24      52      35      43      31       3      56      77      76      35      77      50      62      22      15      81      35       2      80      36      87      54      34      69      62      98      83
      59       0      53      54      32      44      68      17      47      15      81      92      15      94      64      58       1      61       9      24      88      87      74      69      75      68       6      22      32      54       9      33      66      84      71      89      93      65      27      39      63      40      82      91      34      72      63      27      44      67
      88      53       0      22      18      74       1      61      69      57      48       3      86      18      73      81      90      98      10      65      74      69      62       1      25      63      56      78       4      35      96       4      15      98      30      12      50      17      92      53      38      32      20      17      93      84      26      49      81       1
      44      54      22       0       2      70       7      43      50      88      43      52      19      21      87      90      33      91      86      44      95      26      11      50      51      33      13      30      95      64      44       1       8      53      88      28      10      41      72      99      56      98      83      92      86      83      69       6      97      41
       8      32      18       2       0      10      17      31      79       3      31      56      63      27      91      78      23      38      75       3      29      83      92      58      37      14      44      46      27      59      49      70      19      36      67      12      71      58      16      11       6      43      48      95      49      36      17      57      39      81
      35      44      74      70      10       0      55      12      17      20      55      66      74      71       2      25      73      90       6      54      59      21      70      48      91      92      54      81      60       7      47      65      69      60      27      21      74      40      51      11      61      50      62      26      40      15      31      77      58      88
      12      68       1       7      17      55       0      39      84      85      48      16      11      94      37      51      10       5      94      94      36       9      42      87      14       6      38      22      13      93      80      66      53      33      55      56       3      24      97      80      42      10      87      73      75      75      72      33      84      83
      44      17      61      43      31      12      39       0      44      95      85      66       9      49      78      69      34      68      14      13      50      82      55      48      49      22      83      46      98      50      40      56      99      18      13      58      42      30      54      39      95      10      35       7      41      32      24      33      82      33
       2      47      69      50      79      17      84      44       0      53      43      55      79      21      92      34      72      32      87      91      44      28      97      39       7      76      90      58       6      57      38      57      25      54      29      73      86      54      49      21      62      72       5      61      79      18      66      69      17      91
      93      15      57      88       3      20      85      95      53       0      93       6      98      44      22      58      77      93      86      35      96       9      32      21      44      84      21      42      77      89      65      59      32      31      93      47      97      17      67      68      37      62      94      53      78      78       4      66      60      36
      23      81      48      43      31      55      48      85      43      93       0      88      53      41      31      96       1      55      58      70      82      30       5      79      62      71      62      20      50      32      70      76      96      75      33      14      29      39      15      15      38      12      42       5      79      32      34      85      30      11
      48      92       3      52      56      66      16      66      55       6      88       0      79      44      58       3      94      25      29      21      62      47      24      10      98      55      96      88      44      86      20      70      29      41      80      68       4      29      48      98      86       2      85      80      20      14      35      69       1      50
       7      15      86      19      63      74      11       9      79      98      53      79       0      29      92      40      52      80      32      53      70      81      48      30      87      89      50      64      36      99      34      17      69       4      87      80      67      42      75      15      86      13      23      42      15      82      80      43      22      47
      36      94      18      21      27      71      94      49      21      44      41      44      29       0      15      52      99      90       9      23      54      74      91      10      70      26      96      76      87      65      83      55      13      99      94      94      29      64      94      83      92      28      66      11       1      31       9      58      28      81
      65      64      73      87      91       2      37      78      92      22      31      58      92      15       0      11      50      85      83      39       5      17      13      28      69       8      20       2      99      80      76      16      82      68      33      45      34      62      30      14      82      92       4      99      80      53      36      77      37      35
      63      58      81      90      78      25      51      69      34      58      96       3      40      52      11       0      98      75      32      63      34      87      84      15      30      99      45      19      14       9       5      89      36      76      52      14      74      75      93      58      15       4      75      78      55      15       6      20      69      15
      32       1      90      33      23      73      10      34      72      77       1      94      52      99      50      98       0      23       2      83      14       4      52      28      57      72      90      78      21      81      38      63      18      41      48      65      82      75      22      82      78      48      18      66      17      75      14      21       7      55
      77      61      98      91      38      90       5      68      32      93      55      25      80      90      85      75      23       0      40      80      36      11      21      18       9      61      53      88      29      19      72      39      54      74      33      52      57      67      95       8      48      96      13      60      62      53      51      37      54      89
      97       9      10      86      75       6      94      14      87      86      58      29      32       9      83      32       2      40       0      62      62      82      82      77      80      28      11      45      28      63      95      96      39      88       9      27      88      66      32      18      18      73      46      65       4      77      30      26      23      91
      52      24      65      44       3      54      94      13      91      35      70      21      53      23      39      63      83      80      62       0      73      92      87      91      58      53      89      51      28      86      45      93      91      38      54      88      80      20      78      24      19      84      63      67      10      12      96      31      97      87
      95      88      74      95      29      59      36      50      44      96      82      62      70      54       5      34      14      36      62      73       0      17      84      23      53      89       9      28      66      50      46       8      25      26      28      89      75      55      47      26       6      91      51      89      99      36      23      40      67      65
      46      87      69      26      83      21       9      82      28       9      30      47      81      74      17      87       4      11      82      92      17       0      30      68      44       6      99      82      50      34       5      33       9      21      27      59      35      43      74      31      54      45       3      92       1      85      63      59      42      60
       1      74      62      11      92      70      42      55      97      32       5      24      48      91      13      84      52      21      82      87      84      30       0      76      97      63      25      78      13      81      13      49       9      67      43      71      46      95      56      96      12      52      30      19      95      63      42      34      43      97
      24      69       1      50      58      48      87      48      39      21      79      10      30      10      28      15      28      18      77      91      23      68      76       0      74      10      63      97      14      51      57      75      74      64      54      93      91      39      79      22      86      13      99      41      44      73      94      97      12      89
      52      75      25      51      37      91      14      49       7      44      62      98      87      70      69      30      57       9      80      58      53      44      97      74       0      83      96      17      91      54      94      79      84      40      66      83      25      97      16      12      90      36      33      66      32      14      92      39      17      95
      35      68      63      33      14      92       6      22      76      84      71      55      89      26       8      99      72      61      28      53      89       6      63      10      83       0      37      39      55      94      69      33      99      12      46      16      28      63      31      64      97      18      13      82      68      59      98       6      89      68
      43       6      56      13      44      54      38      83      90      21      62      96      50      96      20      45      90      53      11      89       9      99      25      63      96      37       0      28      63      60      44      16      65      38      77      47      23      20      62      39      59      60      92      16      14      56      18      88      21      70
      31      22      78      30      46      81      22      46      58      42      20      88      64      76       2      19      78      88      45      51      28      82      78      97      17      39      28       0      94      79      47       7      12      10      55      21      46      74      17      76      99      12      15      28      77      19      52      50      91      96
       3      32       4      95      27      60      13      98       6      77      50      44      36      87      99      14      21      29      28      28      66      50      13      14      91      55      63      94       0      30      80      99      82       4       1      96      67      68      39      65      38      85      85      93      40      29      29      65      20      26
      56      54      35      64      59       7      93      50      57      89      32      86      99      65      80       9      81      19      63      86      50      34      81      51      54      94      60      79      30       0      18      47      29      83      10      59      50      86      49      60      27      45      37      44      61      91      11      58      65      79
      77       9      96      44      49      47      80      40      38      65      70      20      34      83      76       5      38      72      95      45      46       5      13      57      94      69      44      47      80      18       0      14      63       7      15      68      21      73      55      29      53      57      98      44      42      13      27      79      21      82
      76      33       4       1      70      65      66      56      57      59      76      70      17      55      16      89      63      39      96      93       8      33      49      75      79      33      16       7      99      47      14       0      99      43      30      13      60      82      71      23      84      54      52      77      90      75      54      55      63      42
      35      66      15       8      19      69      53      99      25      32      96      29      69      13      82      36      18      54      39      91      25       9       9      74      84      99      65      12      82      29      63      99       0       2      89      21       6      71      27      50      33      23       7      60       2      98       4      71      81      50
      77      84      98      53      36      60      33      18      54      31      75      41       4      99      68      76      41      74      88      38      26      21      67      64      40      12      38      10       4      83       7      43       2       0      36      94      37      60      80       6      21       7      94      95      77      39      92      64      17      25
      50      71      30      88      67      27      55      13      29      93      33      80      87      94      33      52      48      33       9      54      28      27      43      54      66      46      77      55       1      10      15      30      89      36       0      68      73      20      16      18       7      88      12      52      57      20      56      54      95      32
      62      89      12      28      12      21      56      58      73      47      14      68      80      94      45      14      65      52      27      88      89      59      71      93      83      16      47      21      96      59      68      13      21      94      68       0      51      71      22      98      25      93      87      26      38       6      48      44      52      81
      22      93      50      10      71      74       3      42      86      97      29       4      67      29      34      74      82      57      88      80      75      35      46      91      25      28      23      46      67      50      21      60       6      37      73      51       0      66      23      63      85      17      20      62       4      32      17      83      50      41
      15      65      17      41      58      40      24      30      54      17      39      29      42      64      62      75      75      67      66      20      55      43      95      39      97      63      20      74      68      86      73      82      71      60      20      71      66       0      98      14      70      88      47      93      80      30      14      70      68       2
      81      27      92      72      16      51      97      54      49      67      15      48      75      94      30      93      22      95      32      78      47      74      56      79      16      31      62      17      39      49      55      71      27      80      16      22      23      98       0      46      97      62      72      63      27      22      13      74      11      19
      35      39      53      99      11      11      80      39      21      68      15      98      15      83      14      58      82       8      18      24      26      31      96      22      12      64      39      76      65      60      29      23      50       6      18      98      63      14      46       0      50      46      41      87      12      29      35      34      50      59
       2      63      38      56       6      61      42      95      62      37      38      86      86      92      82      15      78      48      18      19       6      54      12      86      90      97      59      99      38      27      53      84      33      21       7      25      85      70      97      50       0      15       5      62      40      72      64      72      10      65
      80      40      32      98      43      50      10      10      72      62      12       2      13      28      92       4      48      96      73      84      91      45      52      13      36      18      60      12      85      45      57      54      23       7      88      93      17      88      62      46      15       0      98       7      12      49       9      31      75      84
      36      82      20      83      48      62      87      35       5      94      42      85      23      66       4      75      18      13      46      63      51       3      30      99      33      13      92      15      85      37      98      52       7      94      12      87      20      47      72      41       5      98       0      98      62       1      16       5      43      96
      87      91      17      92      95      26      73       7      61      53       5      80      42      11      99      78      66      60      65      67      89      92      19      41      66      82      16      28      93      44      44      77      60      95      52      26      62      93      63      87      62       7      98       0      84      10      94      23      39      59
      54      34      93      86      49      40      75      41      79      78      79      20      15       1      80      55      17      62       4      10      99       1      95      44      32      68      14      77      40      61      42      90       2      77      57      38       4      80      27      12      40      12      62      84       0       1      12      34      20      91
      34      72      84      83      36      15      75      32      18      78      32      14      82      31      53      15      75      53      77      12      36      85      63      73      14      59      56      19      29      91      13      75      98      39      20       6      32      30      22      29      72      49       1      10       1       0      13      75      28      34
      69      63      26      69      17      31      72      24      66       4      34      35      80       9      36       6      14      51      30      96      23      63      42      94      92      98      18      52      29      11      27      54       4      92      56      48      17      14      13      35      64       9      16      94      12      13       0      29      80      36
      62      27      49       6      57      77      33      33      69      66      85      69      43      58      77      20      21      37      26      31      40      59      34      97      39       6      88      50      65      58      79      55      71      64      54      44      83      70      74      34      72      31       5      23      34      75      29       0      20       6
      98      44      81      97      39      58      84      82      17      60      30       1      22      28      37      69       7      54      23      97      67      42      43      12      17      89      21      91      20      65      21      63      81      17      95      52      50      68      11      50      10      75      43      39      20      28      80      20       0      42
      83      67       1      41      81      88      83      33      91      36      11      50      47      81      35      15      55      89      91      87      65      60      97      89      95      68      70      96      26      79      82      42      50      25      32      81      41       2      19      59      65      84      96      59      91      34      36       6      42       0
       0      22      62      26      52      66      66      69      65      57
      22       0      26       3      64      36      68      61      21      39
      62      26       0      20      61      95      43      31      36      67
      26       3      20       0      86      98      22      62      50      39
      52      64      61      86       0      80      51      92      76      88
      66      36      95      98      80       0      80      10      44      91
      66      68      43      22      51      80       0      21      20      16
      69      61      31      62      92      10      21       0      35       4
      65      21      36      50      76      44      20      35       0      38
      57      39      67      39      88      91      16       4      38       0
  436521   59022  137531  130329  278893  366771   73503  200277  142124  303994
  386715  197058   25193   57359  267311  359309  454130  315851  475157  146397
  354045  100894  494460  134632  139011  334116   54780  330408  253852  188894
  127536  322244  152699   23285  257484  443617  448332  440763  338465  368236
  216696  275627  193075  310098  191366   50355   65141  249626  331705  201315
  384899  358195  499557  119907  415845   42741  228827  306207  142872  282433
  321985  181508   10986  179082  258278  357142  374004  393353  147755  406109
  262459  388668  215536  434568  330454  154438   50828  499984   90350  330881
  104937  172826  295083  406826  172551  288750   77272  412869  340998  187948
  204519  281365  141453  488845   60243  295388  386928  192754  209662  298287
  430768  166463  159840   86107  330896  299691  173741  154240  153279  384121
  247108  220603  399731   11047  107928  196966  293832   34531  347788   30518
  409970  396694   44267   87328  379146  362239  484160  499649  156651  459227
  346339  149021   85329  172429  454313  207083  239432  186834  457213  405621
  282769  227561   48966  458250  326258  293496   85024  305169   18524  331293
  205740  103122  354564  146656  326090  132328  436292   99902  100939   42222
  169881  382488  225333  108035  133793  421430  178945  419888  102130  208655
  274452  176473  457731  101977  118854    5081  479155  394558  347346  479827
  236182  199850  238914  259941   77974  448973   73259   20264  448515   46937
  338251   95385   13428  485396  147312    9659  332865  457762  476210  314737
   64394  274712   78478  406659  430967  125888  189062  244346  437406  485473
  375240  141224   70665  207998  144459   52095  467787  111590  168507   26856
  285805   95309  233054  253242  258461   87603  272301  360148  173604  372631
   97903  403729  256004   91387  181691  207846  189657  464705  101275  481048
  264336   34394    8407  381557  380306  470351  228888  452650  395947  239417
  353877   99780   52537  183874  431714   31754  460509  305749  119693  337580
  381527  304071  405285  120792  291055  162022  255821  363612  455381  330683
  306558  442106    7690  306360  445997  464827  257698  148380  408093  356456
  218771  234138  230796  358516   87466  298333  189947  368846  159459   53239
   68300  291924  416425  437055  368907  321802  268074  286751  332010  329401
  184041  483001  365306  276360  199591  363231  246421  326975   29908  450498
  207358   80324  276955  294396  260109   94439  463698  471282  372890  124179
  379665   40421  356273  245048  472548    3357   68697  284432  269951   62639
  300744  232535   65950  227668  447325   54460  356501   63768  327555   75746
  258323  131931  261299  362895  395596  415662  261986  270821  488738  282174
  455030   79439  129749  274513   81133  390682  478453  281701  194051  208304
  363948  383632  411923  372203   25818  417630  331797  268990  479293   63646
  466628  490874  238715  494827  313959  364665  384121  390301  416013   22782
  204443  357371   20218  438093  402768   59541  199804   94393   97109   97613
   43610  214850  101687  440473  274773  219473  222678  452635  407269  334345
   53132  315347  300210   23819    1251  388134  218710  168065   36332  307519
  261101  157353  387066  370082  261711  325495  176137  496520   28565  393704
  225898  323572   25498  347422   19196  220862  357936  417310   49974  279335
  171666   86840   47700   68269  324304  298059  310449  207770  438352  277352
  130466   53453  195593  153401   47227   40406  482100  288888  411648  483230
  243079  497940  496490  378841  157170   71199  136860    9323  489425  280495
  135502  391277  232291  284676  416959  368694  394238  108844  165196  396496
   44984  118671  429105  311075  477172  161671  429929  135319   93371  297402
   55452  214377  378368  288308  274971  229636   65431  273308  459440  387325
  356593  295754  341471  328852  305825  107882   99230   59739  224738  423352
      17      30      53      94      17      70      22      49      12       8      38      27      36      98      53      76      64      76      78      82      15      62      31      34      91      51      40      60      78      93      86      86      67      75      58      38      35      20      82      41      46      97      12      21      95      73      40      78      75      95
     325     422     620     404     541     300     721     447     301     188