   50    10     2
       0      30      58      66      47      82      97       7      89      34       9      72      70      76      87      92      20      50      15      59      63      11      29       3      35      60      62      15      53      97      30      28      43      73      83       4      15      82      13      49      97      70      51      47      47      14      91       3      54      78
      30       0      77      97      34      75      75      51      28      46      85      95      21       9      36      77       5      20      24      16      89      56      21      27      29      96      46      38       2      14      27      40      67      87      23      97      44      64      45      13      77      41      36      16      35      69      48      16      39      47
      58      77       0      76      89      71       2      77      68      56      32      39      72      67       8      29      55      46      96      93      20      95      15      20      74      22      84      49      54       4      71      44      27      52      98       1      71      28      23      15      47      16      43      73      83      83      39      58      43      18
      66      97      76       0      33      10      52      58      33      79      44      30      15      88      55      81      24      64      21      63      12      34       9       3      54      73      72      73      66      41      73      79      51      93      83      21      41       5      86      29      63      82       5      50      88       1      83      77      10      62
      47      34      89      33       0      18      94      92      86       7      34      32      44      83      24       7      47       6      11      15      91      87      38      88      81      15      77      11      21      63      79      95      15      30      48      47      44      13      98      68      63      18      13      38       7      59      60      39      95      25
      82      75      71      10      18       0      47      64      72      56      16      44       3      56       1      18      72       7      33      84      84      88      14      73      50      57      55      67      66      80      20      96      56      88       5      24      24      11      54      27      39      38      61      34      78      78      84      87      70      97
      97      75       2      52      94      47       0      82       3      57      63      62      74      71      57      52      99      39      37      27       2       1      43      17      45      12      45      58      42      40      49      86       8      92      49      28      50      76       6      10      29      65      38      60      10      17      46      18      24      67
       7      51      77      58      92      64      82       0      82      74      18      66      24      31      35      53      17      84      60      72      95      80      37      10       2      84      80      86      31      46      78      61      55      19      16      41      48      67      97      40      64      23      12      78      74      24      31      84      31      95
      89      28      68      33      86      72       3      82       0      46      80      57       4      70      11      38      58      99      97       2      62      46      83      66      12      65      49      52      56      58      60      32      68      94      26       7      88      34      42      86      75      77      75      75      13      36      92      25      30      61
      34      46      56      79       7      56      57      74      46       0      64      65      52      96      56      59      79      12      47      17      80      92      66       6       4       7       9      70      10      64      24      30      99      67      61      62      63      87      11      27      26      55      73      14      40      28      60      77      39       5
       9      85      32      44      34      16      63      18      80      64       0      11      53      71      90      63      95      29      70      20      98      26      27      66      10      66      50      37      25      64      30       4      51      88      89      88      67      73      43      55      38      62      38      10      13      49      66      40      76      71
      72      95      39      30      32      44      62      66      57      65      11       0      99      23      83       8      45      61      28      56      64      36       2      35      51      71      74      78      29      81      52      77      43      86      66      30      10      99      18      66      20      34      59      81      34      57      15      82      68      37
      70      21      72      15      44       3      74      24       4      52      53      99       0      40      56      28      97      12      59      77      38      41      59      86      33      31      17      66      59      34      30      30      76      49      44      79       2      21      39      58       6      69       6      81      79       8      17      75      72      96
      76       9      67      88      83      56      71      31      70      96      71      23      40       0      99      31      91      69      29      17      34      90      41      47      37      91      81      56      45       9      91      65      58      17      61       3      66      41      20      70      29      65      26      87      19      20       8      33      76      45
      87      36       8      55      24       1      57      35      11      56      90      83      56      99       0      21      26      84      35      83      20      41      54      35      91      20      23       1      95      78      69      95      47      39      47      51      15      89      14       4      89       9      67      19       2      97      29       1      66      91
      92      77      29      81       7      18      52      53      38      59      63       8      28      31      21       0      95      62      12      54      15      81      86      25      37      48      87      97      75      28      14      41      28      10      93      22      33       5      57      19      46      50      51      17      54      72      34      74      19      80
      20       5      55      24      47      72      99      17      58      79      95      45      97      91      26      95       0      51      18      36      41      37      92      20      96      52       6       1      76      76      94      45      90      79      47      70      19      10      36      86       6      92      61      23      67      76      60      81      24      58
      50      20      46      64       6       7      39      84      99      12      29      61      12      69      84      62      51       0      32      51      72      91      66      61      88       1      61      89      92      51      29      81      71      43      46      46      71      17      59      37      73      31      10      13      58      83      87      73      64      53
      15      24      96      21      11      33      37      60      97      47      70      28      59      29      35      12      18      32       0      57      66      65      36      96      73      55      39      72      49      65       5      90      41      16      55      58      52      18      92      94      74      24      75       8      71      49      94      13      56      53
      59      16      93      63      15      84      27      72       2      17      20      56      77      17      83      54      36      51      57       0      12      60      46      13      45      89      10      71      12      65      15      51      26      52      72      79      83      52      54      97      56      91      15      25      54      16      78      95      56      38
      63      89      20      12      91      84       2      95      62      80      98      64      38      34      20      15      41      72      66      12       0      41      72      76      82      74       5      83      66      53      95      12      93      98      47      98      62      72      76      78      83       4      40      71       4      87      80      11      39      18
      11      56      95      34      87      88       1      80      46      92      26      36      41      90      41      81      37      91      65      60      41       0      19      19       8      42      20      88      54      43      44      90      81      66      10      63      60       4      77      43      33       7      61      52      31      77      74      52      65      35
      29      21      15       9      38      14      43      37      83      66      27       2      59      41      54      86      92      66      36      46      72      19       0      99       5      78      45      64       5      69       3      44      71      83       9      55      34      17       9      13      64      59      62      41      87      55      26      10      39      30
       3      27      20       3      88      73      17      10      66       6      66      35      86      47      35      25      20      61      96      13      76      19      99       0       9       8      96      57      82      96      48      99      99      75      31      14      27       1      97      56      27      78      46      56      83      73      78      21      33      79
      35      29      74      54      81      50      45       2      12       4      10      51      33      37      91      37      96      88      73      45      82       8       5       9       0       8      23      85      62      95      32      85      27      18      59      11      42      75      57      54      45      13      54      91      77      71      59      68      65      61
      60      96      22      73      15      57      12      84      65       7      66      71      31      91      20      48      52       1      55      89      74      42      78       8       8       0      21      19      11      44      84      59      88      44       8      35      12      44       2      93      23      48       7      36      65      63      32      77      97      52
      62      46      84      72      77      55      45      80      49       9      50      74      17      81      23      87       6      61      39      10       5      20      45      96      23      21       0      95      46       1      24      52      35      43      31       3      56      77      76      35      77      50      62      22      15      81      35       2      80      36
      15      38      49      73      11      67      58      86      52      70      37      78      66      56       1      97       1      89      72      71      83      88      64      57      85      19      95       0      87      54      34      69      62      98      83      53      54      32      44      68      17      47      15      81      92      15      94      64      58       1
      53       2      54      66      21      66      42      31      56      10      25      29      59      45      95      75      76      92      49      12      66      54       5      82      62      11      46      87       0      61       9      24      88      87      74      69      75      68       6      22      32      54       9      33      66      84      71      89      93      65
      97      14       4      41      63      80      40      46      58      64      64      81      34       9      78      28      76      51      65      65      53      43      69      96      95      44       1      54      61       0      27      39      63      40      82      91      34      72      63      27      44      67      22      18      74       1      61      69      57      48
      30      27      71      73      79      20      49      78      60      24      30      52      30      91      69      14      94      29       5      15      95      44       3      48      32      84      24      34       9      27       0       3      86      18      73      81      90      98      10      65      74      69      62       1      25      63      56      78       4      35
      28      40      44      79      95      96      86      61      32      30       4      77      30      65      95      41      45      81      90      51      12      90      44      99      85      59      52      69      24      39       3       0      96       4      15      98      30      12      50      17      92      53      38      32      20      17      93      84      26      49
      43      67      27      51      15      56       8      55      68      99      51      43      76      58      47      28      90      71      41      26      93      81      71      99      27      88      35      62      88      63      86      96       0      81       1       2      70       7      43      50      88      43      52      19      21      87      90      33      91      86
      73      87      52      93      30      88      92      19      94      67      88      86      49      17      39      10      79      43      16      52      98      66      83      75      18      44      43      98      87      40      18       4      81       0      44      95      26      11      50      51      33      13      30      95      64      44       1       8      53      88
      83      23      98      83      48       5      49      16      26      61      89      66      44      61      47      93      47      46      55      72      47      10       9      31      59       8      31      83      74      82      73      15       1      44       0      28      10      41      72      99      56      98      83      92      86      83      69       6      97      41
       4      97       1      21      47      24      28      41       7      62      88      30      79       3      51      22      70      46      58      79      98      63      55      14      11      35       3      53      69      91      81      98       2      95      28       0      10      17      31      79       3      31      56      63      27      91      78      23      38      75
      15      44      71      41      44      24      50      48      88      63      67      10       2      66      15      33      19      71      52      83      62      60      34      27      42      12      56      54      75      34      90      30      70      26      10      10       0       3      29      83      92      58      37      14      44      46      27      59      49      70
      82      64      28       5      13      11      76      67      34      87      73      99      21      41      89       5      10      17      18      52      72       4      17       1      75      44      77      32      68      72      98      12       7      11      41      17       3       0      19      36      67      12      71      58      16      11       6      43      48      95
      13      45      23      86      98      54       6      97      42      11      43      18      39      20      14      57      36      59      92      54      76      77       9      97      57       2      76      44       6      63      10      50      43      50      72      31      29      19       0      49      36      17      57      39      81      55      12      17      20      55
      49      13      15      29      68      27      10      40      86      27      55      66      58      70       4      19      86      37      94      97      78      43      13      56      54      93      35      68      22      27      65      17      50      51      99      79      83      36      49       0      66      74      71       2      25      73      90       6      54      59
      97      77      47      63      63      39      29      64      75      26      38      20       6      29      89      46       6      73      74      56      83      33      64      27      45      23      77      17      32      44      74      92      88      33      56       3      92      67      36      66       0      21      70      48      91      92      54      81      60       7
      70      41      16      82      18      38      65      23      77      55      62      34      69      65       9      50      92      31      24      91       4       7      59      78      13      48      50      47      54      67      69      53      43      13      98      31      58      12      17      74      21       0      47      65      69      60      27      21      74      40
      51      36      43       5      13      61      38      12      75      73      38      59       6      26      67      51      61      10      75      15      40      61      62      46      54       7      62      15       9      22      62      38      52      30      83      56      37      71      57      71      70      47       0      51      11      61      50      62      26      40
      47      16      73      50      38      34      60      78      75      14      10      81      81      87      19      17      23      13       8      25      71      52      41      56      91      36      22      81      33      18       1      32      19      95      92      63      14      58      39       2      48      65      51       0      15      31      77      58      88      39
      47      35      83      88       7      78      10      74      13      40      13      34      79      19       2      54      67      58      71      54       4      31      87      83      77      65      15      92      66      74      25      20      21      64      86      27      44      16      81      25      91      69      11      15       0      84      85      48      16      11
      14      69      83       1      59      78      17      24      36      28      49      57       8      20      97      72      76      83      49      16      87      77      55      73      71      63      81      15      84       1      63      17      87      44      83      91      46      11      55      73      92      60      61      31      84       0      94      37      51      10
      91      48      39      83      60      84      46      31      92      60      66      15      17       8      29      34      60      87      94      78      80      74      26      78      59      32      35      94      71      61      56      93      90       1      69      78      27       6      12      90      54      27      50      77      85      94       0       5      94      94
       3      16      58      77      39      87      18      84      25      77      40      82      75      33       1      74      81      73      13      95      11      52      10      21      68      77       2      64      89      69      78      84      33       8       6      23      59      43      17       6      81      21      62      58      48      37       5       0      36       9
      54      39      43      10      95      70      24      31      30      39      76      68      72      76      66      19      24      64      56      56      39      65      39      33      65      97      80      58      93      57       4      26      91      53      97      38      49      48      20      54      60      74      26      88      16      51      94      36       0      42
      78      47      18      62      25      97      67      95      61       5      71      37      96      45      91      80      58      53      53      38      18      35      30      79      61      52      36       1      65      48      35      49      86      88      41      75      70      95      55      59       7      40      40      39      11      10      94       9      42       0
       0      87      14       6      38      22      13      93      80      66
      87       0      53      33      55      56       3      24      97      80
      14      53       0      42      10      87      73      75      75      72
       6      33      42       0      33      84      83      44      95      85
      38      55      10      33       0      66       9      49      78      69
      22      56      87      84      66       0      34      68      14      13
      13       3      73      83       9      34       0      50      82      55
      93      24      75      44      49      68      50       0      48      49
      80      97      75      95      78      14      82      48       0      22
      66      80      72      85      69      13      55      49      22       0
  423337  348414  290902  265419  162450  100497  181264   92181  449415   33021
  217780  385784   79912  342722  234763    9247  363216  157414   10116  283181
  264259  450041  172856   49577  400494   92226  332010  398953  315027   32044
  224402  419629  198004  330072  427716   79149  478026   38148  435819   96758
  455732  155507  143330  416409  401043  146168   36286  139851  286370  252449
  135624   29084   77257   88579  490585  437330  252586  249092  268623  278237
  476165  416150  239173  392605   91509  200308  197515  421765  361812  199087
  126117   47303  126850    7599  140186  206335  298760  165791   14145  141697
  368587  276528  336191  396572  345393  278954   87496  112735  299981  111575
  193243  241950  434797  249244  342097   29694  352259  348643  121158  380993
  443098  486510  263298  467131   66682  224936   53437  183156  445341  488387
  191167  315408  444196  486373  156117   28077  158848  166554  373180   28870
  482467  432508  224372   22385   74083  110339  204397  311288  400540  398998
  266426  153996  273003  287972  155323  238898   50981  177495  275063  383907
  434888  185094  387066  321039   19425  373043  186620  175466   29725  381130
   54017  498092  411725  199041   27436  461256  199118   62807  294259   77059
  328516  209631  247917   47288  324579  475432  407086  104709   27359  469649
  243903  454908  283379  311471  218390  177983  272408  162038   65721  199911
  391979   36805  133350  192114  371364  132740  314722    9567   36805  154347
  376674   26139  400219  373195  227134  476790  492721  405224  420285  166005
  115344  440153  445661  151890  428708  407452   98605  265053   53071  313180
  478408   71993  101428  232123  411328  142109  316797  189565  345377  227774
  235953  417081   13519  216986   51561  216727  412457  467726   94164  418042
  393520  383587  106311  162114  412945  339991  230597  497314  238044  320398
  383312   20691  156437  371700  435819   49943  484984  238563  375347   59801
  425412  285653  367259  367473   63585   67430  390362  301614   59129  154759
  367610  338938  322321   77623  463530  443037  225211  493697  470671   89693
  143894  441526  456831  213156  378536  288323   94683   57542  248237  231345
  346232  168126  407757  462401  423230    6378  182515  354731  196249  423642
  469298  281899  473555  477401  499008  427732  322092  324793    8804  196859
  352412  177694  120258   85360  139210   53529  470244  120593  199530  306558
  391903  229728  200491  173619  192159  146534  318338  319055  322794  215460
  420773  112964  491927  202566  494384  127201   12802  472808  489043   83605
  436979  142719    1190  238685  268074   68208  467970  439176  304010  276589
  293679  332987  403653  202337   81072  469695  225318  336024  388866  275078
  233832  145573  187337  134098   22888  379512  434385   66576  249870  111178
  443235  230140  229758  133884  464278  234488  485168   65706  152424    1785
  299127  273751  342326  157216   68010  477172  302835  184163     747  138126
  393002  328440  461897     457  291253  485961    4959  384868  219702   58107
  393154  100543  335459    9338  154164   82354  210730  111239  466231  112887
   73809  107455  421811  238929  232566  284020  466429  241584  352427  179204
   58839  269554   10773  417493  350108  494811  199652  401806  427762  400173
  198355  348719  422513   57969  488326  400631   24018    9491  131580  299508
  202841  104174  285241  356654  185094  408337  273369  202505  477172   42359
  388439   51377  486907   56321  344157  464949   38499  202719   51591  349299
  327784  216299  140247  169728  114673  459898  396328  117694  200048   46006
   39674  214194  483489  293359   11673   84200  148930  127506  195547  386226
  275414  285622  241294  131626  419049  433881  416928  377941  463957   57679
  157994   30457  288399  233527  237159  236854   43259  142109  225882  108691
   89846  432050  169789  254600  393444  293557  149983  359340  420148  351466
      17      30      53      94      17      70      22      49      12       8      38      27      36      98      53      76      64      76      78      82      15      62      31      34      91      51      40      60      78      93      86      86      67      75      58      38      35      20      82      41      46      97      12      21      95      73      40      78      75      95
     223     292     422     267     377     206     497     301     207     129