20

5

9 10 5 4 7 10 4 7 3 8 5 5 8 1 9 6 6 10 10 10 
5 9 2 8 9 5 3 3 1 10 6 7 8 5 8 7 9 4 3 10 
1 1 5 6 4 7 10 8 1 9 2 4 2 5 3 10 6 9 6 9 
1 1 7 6 7 3 9 1 9 5 6 10 1 5 6 4 4 5 8 1 
9 1 6 2 4 6 7 4 4 6 5 8 3 7 5 4 3 9 4 4 

60 22 26 89 55 45 25 13 55 13 59 80 32 92 69 100 82 38 47 
71 34 63 2 87 97 77 51 10 55 32 95 87 61 86 46 99 95 
64 54 25 80 9 6 91 5 7 64 61 60 62 41 68 95 66 
53 28 62 41 70 80 92 28 83 79 31 25 56 45 72 67 
96 83 52 63 39 48 67 22 55 30 20 86 23 10 94 
14 82 4 83 27 61 57 57 4 30 4 98 9 30 
35 4 81 53 10 95 84 58 81 2 1 17 34 
57 8 3 2 56 41 62 65 98 94 85 15 
38 30 67 30 16 12 68 65 87 21 39 
58 17 62 24 92 68 90 99 19 24 
57 16 91 17 1 82 61 62 98 
2 59 21 14 91 47 16 92 
99 4 8 53 5 14 5 
50 93 87 16 42 10 
2 16 97 13 36 
37 74 100 22 
82 94 56 
8 37 
36 

9 6 10 7 5 4 8 8 3 7 5 8 7 1 1 3 1 3 4 1 

35 32 29 24 39 
