20

5

92 6 7 91 25 37 89 19 4 29 33 50 78 35 29 35 32 60 28 5 
45 53 45 42 55 18 82 3 3 58 37 2 17 72 87 51 53 35 74 4 
62 40 96 96 6 60 25 6 39 32 50 87 72 55 7 62 78 57 5 29 
95 33 68 64 5 44 11 32 44 42 79 86 89 58 73 93 85 40 82 33 
69 21 35 57 92 81 100 86 46 80 94 51 55 71 56 4 79 98 88 6 

40 78 59 34 88 25 75 42 40 57 83 78 34 10 67 61 9 6 73 
2 46 23 11 63 88 15 29 53 16 42 90 7 20 5 27 58 13 
16 22 34 97 82 96 78 16 59 30 41 97 55 16 50 23 9 
44 31 62 6 40 36 69 85 64 78 91 91 50 66 92 24 
56 86 52 97 99 33 15 89 16 41 22 44 63 14 61 
32 1 20 77 20 12 48 41 91 62 19 63 20 56 
23 48 48 69 96 70 6 75 31 100 51 82 19 
23 58 7 64 28 49 90 14 74 15 70 91 
82 21 71 20 54 54 55 27 2 16 78 
61 33 27 15 91 42 83 48 35 87 
85 49 26 52 65 85 55 42 79 
6 51 60 2 62 18 93 46 
87 2 7 74 92 29 78 
65 54 57 24 48 46 
21 81 7 41 89 
66 24 10 83 
18 35 27 
66 15 
54 

1 6 3 7 5 1 5 1 8 6 3 1 4 10 4 7 2 9 5 9 

25 23 29 28 27 
