20

5

4 4 7 8 8 8 7 2 3 8 9 2 6 1 6 4 9 7 10 2 
1 1 8 4 10 6 6 1 8 2 1 2 8 3 9 10 9 3 5 10 
10 2 4 6 10 5 7 9 6 1 7 10 6 9 10 6 3 2 7 3 
4 3 5 7 8 7 2 6 3 3 8 4 7 3 1 9 8 8 6 7 
4 9 7 6 5 2 10 1 3 3 2 6 1 6 7 7 7 5 10 4 

0 40 0 34 73 0 0 53 71 0 21 0 0 0 39 4 0 0 0 
0 0 0 100 54 0 0 0 0 0 0 21 94 31 0 92 0 0 
0 24 51 5 0 72 57 0 0 50 76 29 0 64 0 43 0 
88 15 0 0 88 0 0 0 0 0 87 1 43 0 2 64 
75 48 17 0 18 0 0 73 6 0 0 0 14 0 82 
0 90 82 95 0 84 80 0 0 0 41 60 27 76 
0 0 5 28 0 0 87 0 0 0 0 88 94 
0 0 80 0 0 0 0 37 0 68 73 0 
0 0 12 40 0 0 0 39 0 69 0 
6 0 0 37 0 0 54 0 86 56 
64 0 0 0 86 49 51 83 7 
74 0 0 62 4 0 22 33 
12 42 0 0 72 49 0 
0 92 46 19 11 39 
0 0 0 68 0 
68 0 55 0 
73 38 52 
84 6 
0 

9 3 8 8 9 4 5 1 9 5 1 7 10 1 2 8 2 3 4 7 

28 30 27 28 34 
