20

5

65 79 35 87 86 24 5 76 2 15 1 78 62 23 50 8 21 54 51 68 
81 6 34 70 97 23 3 52 15 94 8 13 40 25 9 15 44 44 95 4 
65 50 12 24 67 45 82 39 16 31 88 60 28 61 46 32 7 61 4 21 
88 2 48 35 61 59 3 33 16 39 38 95 23 32 78 90 62 20 60 56 
33 84 90 41 9 22 97 91 28 72 52 38 4 18 46 39 47 5 59 32 

1 10 5 1 10 6 8 10 4 6 3 2 7 3 6 7 5 5 6 
1 7 6 9 7 7 4 8 2 1 7 6 7 2 5 8 3 1 
2 9 2 6 10 2 9 9 5 6 4 4 4 9 3 2 7 
8 1 4 3 3 10 7 9 2 1 8 6 1 5 5 5 
4 10 9 2 3 1 9 9 4 1 6 9 4 10 9 
8 4 8 1 4 6 2 1 4 4 8 10 8 10 
7 3 2 8 5 9 3 5 3 2 8 1 2 
6 4 6 8 5 4 10 5 9 7 1 3 
9 10 2 4 1 5 2 1 6 5 9 
1 9 9 3 8 3 9 2 10 6 
7 6 2 8 6 9 7 6 10 
10 7 9 3 4 6 5 7 
7 10 2 6 5 4 6 
1 9 7 4 2 7 
10 8 2 9 1 
8 9 6 6 
9 3 7 
2 9 
3 

5 2 2 7 5 7 6 10 1 5 8 9 10 2 5 2 4 6 9 4 

28 39 37 36 41 
