20

5

5 9 5 7 6 4 5 6 2 5 1 8 2 3 10 8 1 4 1 8 
1 6 4 10 7 3 3 2 5 4 8 3 10 5 9 5 4 4 5 4 
5 10 2 4 7 5 2 9 6 1 8 10 8 1 6 2 7 1 4 1 
8 2 8 5 1 9 3 3 6 9 8 5 3 2 8 10 2 10 10 6 
3 4 10 1 9 2 7 1 8 2 2 8 4 8 6 9 7 5 9 2 

51 50 35 21 100 16 18 60 14 56 43 62 27 3 66 57 5 15 46 
91 7 96 59 87 57 64 28 12 11 87 76 77 42 95 18 33 11 
52 49 72 76 20 32 89 9 95 16 44 74 44 99 43 22 27 
88 11 94 33 73 30 97 59 22 61 98 36 91 15 55 75 
44 10 79 82 23 31 59 59 14 61 66 9 34 70 89 
38 54 18 11 54 76 92 21 54 94 78 60 48 20 
67 13 72 68 35 49 33 5 23 32 78 11 32 
16 94 76 68 15 74 20 85 19 27 71 33 
9 60 52 4 71 25 72 1 86 85 89 
81 49 19 33 38 53 59 82 80 36 
27 16 42 68 26 39 57 26 40 
70 97 89 83 54 46 95 97 
17 20 12 76 45 74 56 
61 79 37 14 42 37 
40 18 72 89 21 
48 49 96 56 
9 3 97 
52 9 
83 

5 2 2 7 5 7 6 10 1 5 8 9 10 2 5 2 4 6 9 4 

28 39 37 36 41 
