20

5

61 68 84 82 34 99 32 28 12 97 32 74 27 7 76 66 100 70 8 95 
28 22 33 13 3 43 64 8 92 42 96 10 100 50 70 65 62 67 5 93 
41 40 7 50 55 35 34 6 88 84 17 47 43 10 5 71 57 1 44 88 
39 54 76 19 100 100 19 37 94 89 2 47 30 36 77 69 95 92 38 100 
35 47 86 5 87 81 30 10 47 10 74 100 61 54 30 10 70 9 28 74 

100 42 37 61 89 25 40 34 14 3 56 35 86 87 47 5 13 5 51 
67 15 7 37 55 97 98 64 29 88 12 24 40 4 99 99 52 38 
100 28 13 81 86 2 23 45 62 10 99 41 63 100 97 94 6 
69 85 30 75 74 62 10 61 34 62 63 10 6 52 100 58 
73 36 49 36 38 2 67 95 58 65 66 4 73 96 95 
24 61 28 16 27 69 88 18 23 77 84 43 95 94 
30 98 79 65 42 74 8 67 27 43 73 40 91 
43 17 55 96 23 55 22 29 12 87 4 31 
58 94 27 40 97 46 85 74 22 63 20 
83 46 61 44 3 26 59 56 21 32 
6 66 82 36 6 92 13 11 13 
53 7 73 98 61 19 20 21 
65 96 37 76 82 90 52 
58 12 6 94 33 59 
52 17 99 83 68 
87 20 12 56 
54 4 75 
26 43 
44 

2 3 2 6 10 5 3 4 7 10 3 6 2 7 9 9 7 6 5 9 

30 29 43 44 31 
