20

5

9 90 35 34 7 60 44 7 23 8 45 55 38 81 59 36 26 70 10 50 
55 99 2 28 89 25 13 13 11 80 16 67 68 85 78 67 19 14 23 80 
31 21 45 26 4 67 70 98 61 29 82 74 72 65 83 70 16 69 26 69 
61 81 57 6 57 33 69 91 19 65 16 90 71 65 16 54 4 35 18 31 
69 1 6 32 34 86 47 54 34 96 45 18 93 87 95 64 83 79 4 14 

10 2 6 9 5 5 5 3 5 3 9 10 2 2 9 10 2 8 7 
1 4 3 2 7 7 7 1 10 5 2 5 7 1 6 6 9 5 
4 4 5 10 9 6 1 5 7 4 1 10 2 1 8 5 6 
3 8 2 1 10 10 2 8 3 9 1 5 6 5 2 7 
6 3 2 3 9 8 7 2 5 10 10 6 3 10 4 
4 2 4 3 7 1 7 7 4 10 4 8 9 10 
5 4 1 3 10 5 4 8 1 2 1 7 4 
7 8 3 2 6 1 2 5 8 4 5 5 
8 10 7 10 6 2 8 5 7 1 9 
8 7 2 4 2 8 10 9 9 4 
7 6 1 7 1 2 1 2 8 
2 9 1 4 1 7 6 2 
9 4 8 3 5 4 5 
10 3 7 6 2 10 
2 6 7 3 6 
7 4 10 2 
2 4 6 
8 7 
6 

9 6 10 7 5 4 8 8 3 7 5 8 7 1 1 3 1 3 4 1 

35 32 29 24 39 
