20

5

92 6 7 91 25 37 89 19 4 29 33 50 78 35 29 35 32 60 28 5 
45 53 45 42 55 18 82 3 3 58 37 2 17 72 87 51 53 35 74 4 
62 40 96 96 6 60 25 6 39 32 50 87 72 55 7 62 78 57 5 29 
95 33 68 64 5 44 11 32 44 42 79 86 89 58 73 93 85 40 82 33 
69 21 35 57 92 81 100 86 46 80 94 51 55 71 56 4 79 98 88 6 

40 78 0 0 88 25 75 0 40 57 0 0 34 0 0 0 9 0 0 
0 0 0 11 0 88 15 29 53 16 42 90 0 20 0 27 58 0 
0 22 34 0 0 96 78 0 0 30 0 0 0 16 50 0 0 
44 31 0 0 40 36 69 0 64 0 0 91 0 0 92 24 
56 86 52 97 99 33 0 89 16 0 22 0 0 14 0 
0 0 20 77 20 12 48 41 0 62 0 63 20 56 
0 0 0 0 0 0 6 0 0 0 0 0 0 
0 58 7 64 28 0 90 14 0 15 70 91 
0 21 0 0 54 0 55 27 0 0 0 
0 0 27 0 91 0 0 0 35 87 
0 0 26 52 65 0 55 42 79 
0 0 60 2 0 18 93 46 
0 0 0 0 92 0 0 
65 0 0 0 0 0 
21 0 7 41 89 
66 0 0 0 
0 35 27 
0 0 
54 

9 9 9 7 5 2 5 9 5 10 4 1 6 9 4 8 9 10 5 10 

32 29 39 40 52 
