20

5

0 0 0 0 0 0 0 0 0 0 0 0 0 0 0 0 0 0 0 0 
0 0 0 0 0 0 0 0 0 0 0 0 0 0 0 0 0 0 0 0 
0 0 0 0 0 0 0 0 0 0 0 0 0 0 0 0 0 0 0 0 
0 0 0 0 0 0 0 0 0 0 0 0 0 0 0 0 0 0 0 0 
0 0 0 0 0 0 0 0 0 0 0 0 0 0 0 0 0 0 0 0 

8 72 28 56 48 65 71 25 17 72 76 36 50 88 65 78 6 3 36 
8 60 94 72 89 34 21 11 48 47 11 37 26 47 39 33 82 65 
79 23 38 41 58 70 39 17 100 73 41 21 48 90 100 94 16 
72 57 75 10 97 58 16 27 33 38 83 88 53 36 86 19 
59 16 93 38 62 53 23 20 82 36 3 14 26 65 86 
75 92 44 61 89 14 66 80 46 89 13 3 79 20 
28 33 49 44 94 11 79 69 48 17 97 75 40 
49 82 39 48 17 10 67 29 83 10 65 80 
39 64 25 20 50 9 37 14 93 66 21 
89 29 5 76 40 17 87 38 95 33 
38 95 91 6 86 92 94 68 12 
13 47 82 27 40 29 15 76 
87 98 73 36 29 52 39 
9 14 71 17 87 28 
17 45 16 58 81 
16 41 65 87 
86 10 44 
88 86 
27 

9 6 8 7 5 6 7 2 8 4 7 8 6 1 9 5 4 10 5 1 

37 46 47 37 29 
