20

5

5 9 5 7 6 4 5 6 2 5 1 8 2 3 10 8 1 4 1 8 
1 6 4 10 7 3 3 2 5 4 8 3 10 5 9 5 4 4 5 4 
5 10 2 4 7 5 2 9 6 1 8 10 8 1 6 2 7 1 4 1 
8 2 8 5 1 9 3 3 6 9 8 5 3 2 8 10 2 10 10 6 
3 4 10 1 9 2 7 1 8 2 2 8 4 8 6 9 7 5 9 2 

0 50 0 21 100 16 18 60 14 56 0 62 27 3 66 57 0 15 46 
0 0 0 59 0 57 64 0 12 0 87 76 77 42 0 18 33 11 
52 0 0 0 0 32 0 0 0 16 44 0 0 0 43 22 0 
0 0 94 33 0 30 97 0 0 61 0 36 0 0 55 0 
0 10 0 0 0 31 0 59 14 0 0 0 0 0 0 
0 54 18 0 0 0 0 21 0 0 78 0 0 0 
67 13 72 68 0 49 33 5 23 32 78 11 32 
16 0 0 0 0 74 0 85 19 27 0 33 
0 60 52 4 0 0 0 0 86 0 89 
0 0 19 33 0 0 59 82 0 0 
27 0 0 0 0 39 57 0 0 
70 0 0 0 0 0 0 0 
17 0 12 76 45 0 0 
61 79 37 0 0 0 
0 0 72 0 0 
48 49 0 56 
9 3 97 
52 9 
83 

4 2 4 2 1 9 5 8 1 8 4 5 3 4 5 6 3 8 6 1 

18 33 35 27 29 
