20

5

84 58 52 35 81 62 92 97 59 4 89 65 83 49 35 69 95 54 49 12 
85 28 34 55 11 40 54 47 96 56 87 57 71 90 2 81 55 96 77 17 
75 69 74 16 18 13 46 47 44 87 23 33 99 6 69 34 48 93 22 40 
66 7 67 48 72 25 53 79 91 64 91 52 82 71 39 6 52 77 80 94 
99 30 71 14 94 85 12 47 40 17 13 20 71 53 81 84 35 35 83 92 

21 0 97 0 0 0 46 79 0 0 0 0 55 27 0 0 0 0 0 
100 0 49 0 0 0 71 86 3 1 0 3 0 0 76 0 0 19 
0 0 0 35 72 0 0 66 0 0 0 0 30 100 19 0 37 
0 47 0 58 0 0 0 64 3 67 0 71 62 0 0 0 
0 15 56 0 17 0 19 97 77 21 0 37 29 46 80 
2 61 90 0 31 0 67 8 63 0 31 57 0 53 
0 0 59 0 0 0 8 2 0 18 67 0 28 
0 13 0 12 68 0 0 0 95 0 0 0 
7 0 0 18 19 67 0 0 0 45 0 
10 33 92 58 0 49 24 28 42 0 
0 0 0 0 0 0 55 0 0 
4 80 0 0 0 19 0 48 
56 70 13 36 61 97 0 
60 72 10 43 0 73 
0 0 84 0 0 
81 7 0 0 
7 0 36 
10 0 
0 

2 4 2 9 2 7 6 5 2 2 8 8 8 2 5 5 10 1 4 4 

20 34 25 27 23 
