20

5

0 0 0 0 0 0 0 0 0 0 0 0 0 0 0 0 0 0 0 0 
0 0 0 0 0 0 0 0 0 0 0 0 0 0 0 0 0 0 0 0 
0 0 0 0 0 0 0 0 0 0 0 0 0 0 0 0 0 0 0 0 
0 0 0 0 0 0 0 0 0 0 0 0 0 0 0 0 0 0 0 0 
0 0 0 0 0 0 0 0 0 0 0 0 0 0 0 0 0 0 0 0 

52 39 21 26 61 66 52 81 73 40 3 26 56 6 67 78 24 49 3 
54 42 79 16 2 42 40 14 86 76 73 89 16 51 53 40 68 75 
94 38 49 35 91 82 55 76 63 10 5 66 65 96 10 34 68 
34 28 94 22 92 81 29 34 70 84 62 88 29 15 67 7 
32 23 74 18 39 43 96 20 27 8 8 84 93 73 61 
76 6 93 95 15 90 67 11 93 30 58 89 85 72 
21 35 42 68 67 32 38 93 40 89 81 61 67 
54 35 38 22 10 96 42 24 64 47 53 86 
57 91 40 70 67 38 9 96 100 22 15 
24 72 26 20 62 46 82 47 49 47 
7 82 25 24 95 94 8 49 93 
55 72 39 30 32 60 53 56 
44 95 42 41 32 85 6 
86 1 75 82 77 96 
11 18 75 18 44 
62 36 65 61 
7 64 37 
77 63 
55 

6 5 7 9 6 2 7 4 6 2 7 2 7 8 7 2 10 10 9 1 

29 37 44 26 36 
