20

5

1 8 10 2 9 8 2 7 5 10 6 2 10 9 2 5 8 10 10 3 
3 1 4 7 1 10 2 8 1 6 7 9 6 9 4 5 2 3 10 1 
2 1 2 4 5 2 1 8 2 6 7 3 9 10 2 3 7 7 8 10 
5 8 9 1 4 6 2 6 9 10 3 9 2 9 10 8 5 3 2 3 
3 6 5 5 9 6 7 1 4 7 3 9 8 4 1 9 1 6 4 5 

18 0 63 0 0 67 0 21 89 89 71 19 0 0 85 96 45 96 50 
5 0 41 82 0 41 61 17 84 97 7 97 0 90 24 80 0 20 
63 0 96 64 0 62 25 96 0 26 0 12 0 0 80 67 39 
73 42 0 0 13 93 2 66 0 0 0 0 0 0 0 0 
24 0 0 60 0 32 0 0 0 92 0 81 73 99 0 
12 0 0 0 23 0 41 51 0 0 0 73 49 54 
31 57 0 0 92 83 0 37 51 0 0 18 0 
18 0 65 0 35 24 12 0 57 0 13 0 
18 0 0 29 55 0 0 0 30 12 54 
16 0 0 72 0 0 71 6 0 27 
35 0 0 0 0 0 0 0 0 
0 0 0 0 0 0 0 0 
57 58 0 0 50 0 0 
0 85 0 41 0 0 
0 2 57 0 0 
0 0 0 90 
0 0 14 
37 0 
66 

7 4 8 8 10 2 5 8 5 5 10 5 5 10 3 2 8 5 6 7 

39 47 34 42 43 
