20

5

9 10 5 4 7 10 4 7 3 8 5 5 8 1 9 6 6 10 10 10 
5 9 2 8 9 5 3 3 1 10 6 7 8 5 8 7 9 4 3 10 
1 1 5 6 4 7 10 8 1 9 2 4 2 5 3 10 6 9 6 9 
1 1 7 6 7 3 9 1 9 5 6 10 1 5 6 4 4 5 8 1 
9 1 6 2 4 6 7 4 4 6 5 8 3 7 5 4 3 9 4 4 

60 0 26 89 0 0 25 13 0 13 59 80 32 92 69 100 82 38 0 
71 34 63 0 87 97 77 0 10 55 0 95 87 61 0 46 99 0 
64 54 0 0 9 6 91 0 0 0 0 60 62 41 68 95 0 
0 28 62 0 0 80 92 0 83 79 31 0 0 45 0 67 
0 0 0 63 0 48 0 0 0 0 20 0 0 0 94 
0 82 0 0 27 0 57 57 0 30 4 0 0 0 
0 0 0 53 0 0 0 0 0 0 1 0 0 
57 0 3 2 56 0 62 65 98 94 0 0 
38 0 0 30 0 0 68 65 0 21 39 
58 0 0 24 92 0 0 99 0 0 
57 0 0 0 1 82 0 0 98 
0 0 0 0 0 47 16 0 
0 4 0 0 0 14 5 
0 93 87 0 0 0 
2 0 0 13 0 
0 74 100 22 
82 0 56 
8 0 
0 

1 1 7 1 3 3 10 1 8 1 2 1 7 5 2 8 5 8 3 5 

32 22 26 23 25 
