20

5

65 79 35 87 86 24 5 76 2 15 1 78 62 23 50 8 21 54 51 68 
81 6 34 70 97 23 3 52 15 94 8 13 40 25 9 15 44 44 95 4 
65 50 12 24 67 45 82 39 16 31 88 60 28 61 46 32 7 61 4 21 
88 2 48 35 61 59 3 33 16 39 38 95 23 32 78 90 62 20 60 56 
33 84 90 41 9 22 97 91 28 72 52 38 4 18 46 39 47 5 59 32 

0 10 0 1 10 6 8 10 4 6 0 2 7 3 6 7 0 5 6 
0 0 0 9 0 7 4 0 2 0 7 6 7 2 0 8 3 1 
2 0 0 0 0 2 0 0 0 6 4 0 0 0 3 2 0 
0 0 4 3 0 10 7 0 0 1 0 6 0 0 5 0 
0 10 0 0 0 1 0 9 4 0 0 0 0 0 0 
0 4 8 0 0 0 0 1 0 0 8 0 0 0 
7 3 2 8 0 9 3 5 3 2 8 1 2 
6 0 0 0 0 4 0 5 9 7 0 3 
0 10 2 4 0 0 0 0 6 0 9 
0 0 9 3 0 0 9 2 0 0 
7 0 0 0 0 9 7 0 0 
10 0 0 0 0 0 0 0 
7 0 2 6 5 0 0 
1 9 7 0 0 0 
0 0 2 0 0 
8 9 0 6 
9 3 7 
2 9 
3 

4 2 4 2 1 9 5 8 1 8 4 5 3 4 5 6 3 8 6 1 

18 33 35 27 29 
