20

5

76 82 25 27 95 57 4 92 40 47 56 41 54 5 21 54 3 66 39 57 
96 93 90 69 54 33 27 16 59 94 40 5 9 48 21 77 2 55 17 6 
10 61 36 41 12 83 11 67 74 27 12 94 29 66 33 25 4 5 63 2 
34 68 52 80 40 13 61 63 48 28 73 59 74 32 94 46 18 25 26 14 
90 74 57 19 38 56 12 57 45 29 81 58 39 43 32 72 15 37 74 85 

0 16 0 0 75 0 0 0 70 0 0 0 0 0 0 0 0 0 0 
0 0 62 0 28 74 21 41 0 0 77 0 0 14 44 97 0 0 
68 0 81 39 55 79 44 37 0 55 0 0 11 0 33 83 44 
0 94 0 39 32 0 11 0 0 48 0 79 0 0 0 97 
54 35 1 56 96 59 0 0 3 0 0 3 3 8 61 
58 93 0 85 9 97 94 0 0 0 65 0 37 0 
6 35 0 73 52 10 0 27 79 8 0 18 71 
56 0 42 0 0 19 0 0 91 82 87 84 
48 49 55 50 0 0 0 0 0 0 99 
75 0 0 76 0 0 80 0 0 67 
31 1 0 30 0 34 26 99 12 
0 0 31 0 0 0 73 0 
0 0 0 0 5 52 14 
17 0 0 0 0 0 
55 0 0 0 0 
62 81 0 0 
0 0 60 
24 64 
0 

10 6 6 6 7 2 6 1 7 4 6 10 1 9 6 3 6 8 10 5 

29 46 24 37 29 
