20

5

0 0 0 0 0 0 0 0 0 0 0 0 0 0 0 0 0 0 0 0 
0 0 0 0 0 0 0 0 0 0 0 0 0 0 0 0 0 0 0 0 
0 0 0 0 0 0 0 0 0 0 0 0 0 0 0 0 0 0 0 0 
0 0 0 0 0 0 0 0 0 0 0 0 0 0 0 0 0 0 0 0 
0 0 0 0 0 0 0 0 0 0 0 0 0 0 0 0 0 0 0 0 

44 14 46 94 5 54 93 10 42 70 36 77 22 4 14 39 46 7 32 
100 62 49 56 45 11 6 1 7 76 93 100 25 57 83 87 15 37 
13 64 56 90 74 71 24 46 78 56 17 92 34 89 87 72 33 
8 78 36 5 31 27 35 22 5 39 25 10 68 26 83 11 
38 11 41 90 98 100 67 35 51 80 69 74 40 73 96 
94 17 62 42 91 12 59 58 16 41 38 97 94 12 
97 94 88 99 71 27 73 26 20 97 38 6 21 
80 47 51 13 73 97 48 21 2 77 71 41 
69 15 57 66 95 88 72 75 64 24 82 
94 55 51 8 34 50 84 42 39 93 
74 1 48 89 58 75 16 63 37 
61 73 78 34 58 46 11 9 
25 30 89 47 88 80 6 
23 93 43 96 79 34 
18 21 25 37 34 
33 97 4 56 
45 41 12 
22 98 
16 

1 2 7 7 2 10 9 7 3 4 4 3 9 5 4 9 9 4 9 4 

41 25 26 37 22 
