20

5

0 0 0 0 0 0 0 0 0 0 0 0 0 0 0 0 0 0 0 0 
0 0 0 0 0 0 0 0 0 0 0 0 0 0 0 0 0 0 0 0 
0 0 0 0 0 0 0 0 0 0 0 0 0 0 0 0 0 0 0 0 
0 0 0 0 0 0 0 0 0 0 0 0 0 0 0 0 0 0 0 0 
0 0 0 0 0 0 0 0 0 0 0 0 0 0 0 0 0 0 0 0 

8 0 0 0 48 0 71 0 17 0 76 36 0 0 65 78 0 3 36 
8 0 94 0 89 34 21 11 48 47 11 0 26 0 39 33 0 65 
79 0 0 0 0 70 0 0 0 73 41 0 48 90 0 94 0 
0 57 0 0 0 0 0 0 33 0 0 88 0 0 0 0 
0 0 93 0 0 53 23 20 82 0 3 14 0 65 0 
75 0 0 0 89 14 66 80 0 0 13 0 0 20 
0 0 49 0 0 0 0 0 0 17 0 0 40 
0 0 0 48 17 0 67 29 83 0 65 0 
39 0 0 0 50 9 37 14 0 66 21 
89 0 5 0 40 17 87 0 95 33 
38 95 91 0 86 92 0 68 12 
13 0 0 0 40 0 0 76 
0 98 0 0 0 52 0 
9 14 71 0 87 28 
17 45 0 0 0 
16 41 0 87 
0 0 44 
0 86 
0 

7 4 5 6 9 3 3 7 10 6 10 4 9 7 6 9 1 6 5 6 

39 37 24 28 42 
