20

5

38 80 67 50 19 85 53 4 7 10 72 63 19 86 13 52 14 90 36 18 
18 35 7 13 27 26 3 91 22 79 35 98 35 98 81 87 71 70 45 53 
35 21 66 25 62 45 58 49 85 87 57 51 72 100 48 35 36 67 18 52 
86 13 82 44 90 28 2 47 68 1 27 7 43 45 53 8 60 79 52 5 
21 95 37 95 30 19 61 99 57 72 59 91 44 94 36 17 38 92 35 33 

14 0 83 50 0 96 22 0 0 0 4 55 0 76 95 0 96 9 54 
0 0 0 0 0 48 23 0 0 49 0 0 29 0 73 26 58 0 
94 31 71 97 37 25 4 76 0 48 0 38 41 83 64 0 57 
0 0 0 0 29 100 60 64 60 27 0 6 30 67 82 0 
52 9 11 0 0 0 0 0 7 0 41 0 0 0 0 
0 94 0 36 0 88 98 0 0 0 0 71 100 0 
0 0 0 15 3 12 68 0 19 0 64 0 0 
73 99 34 13 24 0 0 25 0 19 0 10 
0 0 32 0 0 0 94 53 32 0 55 
15 54 45 0 0 0 17 0 0 0 
55 69 0 0 81 0 0 0 13 
31 0 65 91 74 0 0 0 
19 0 0 36 37 0 45 
0 0 0 0 0 64 
0 0 40 0 0 
100 67 0 0 
79 95 0 
0 0 
0 

1 8 8 10 6 1 6 5 2 6 2 7 1 7 10 1 5 1 1 7 

24 26 23 34 23 
