20

5

0 0 0 0 0 0 0 0 0 0 0 0 0 0 0 0 0 0 0 0 
0 0 0 0 0 0 0 0 0 0 0 0 0 0 0 0 0 0 0 0 
0 0 0 0 0 0 0 0 0 0 0 0 0 0 0 0 0 0 0 0 
0 0 0 0 0 0 0 0 0 0 0 0 0 0 0 0 0 0 0 0 
0 0 0 0 0 0 0 0 0 0 0 0 0 0 0 0 0 0 0 0 

50 93 50 41 75 59 20 37 76 68 17 53 57 38 64 24 20 70 28 
25 24 7 52 72 37 98 76 28 26 49 22 76 6 56 54 66 9 
17 80 49 64 81 86 15 7 30 35 79 35 65 83 85 42 36 
78 35 8 29 74 10 16 58 100 34 29 96 78 90 68 24 
22 74 36 50 18 14 54 69 43 90 18 58 75 70 69 
79 40 77 84 94 77 95 18 60 7 79 66 78 62 
33 21 9 95 56 81 1 88 14 61 80 40 25 
38 93 10 82 29 87 62 55 10 9 4 59 
5 21 63 73 66 41 78 83 12 40 68 
94 23 1 20 58 85 77 2 22 9 
82 23 68 25 56 52 24 90 94 
59 36 70 76 66 48 93 46 
96 52 9 54 10 3 54 
6 26 58 52 81 30 
28 55 89 97 91 
78 88 95 37 
70 19 69 
49 37 
47 

2 3 5 6 3 4 7 2 6 8 9 2 8 2 8 7 3 6 2 10 

34 32 32 31 40 
