20

5

41 28 90 42 29 98 2 67 15 40 46 32 90 9 12 5 58 60 30 93 
73 31 14 57 41 100 32 8 21 96 57 59 86 39 94 85 42 83 60 91 
52 21 2 4 55 92 61 98 12 76 47 13 69 10 52 93 37 57 88 10 
85 28 49 51 94 46 62 86 69 50 93 29 62 19 80 78 95 83 62 63 
3 76 55 85 39 86 17 31 34 67 33 69 88 4 21 59 91 36 64 45 

8 5 3 10 5 7 8 1 9 9 1 9 9 9 5 6 5 6 10 
5 7 1 2 7 1 1 7 4 7 7 7 8 10 4 10 9 10 
3 2 6 4 3 2 5 6 1 6 8 2 5 10 10 7 9 
3 2 3 8 3 3 2 6 10 7 10 7 1 1 9 3 
4 4 1 10 5 2 7 4 10 2 4 1 3 9 4 
2 6 8 9 3 7 1 1 9 9 4 3 9 4 
1 7 3 4 2 3 6 7 1 5 9 8 6 
8 2 5 4 5 4 2 4 7 1 3 3 
8 1 10 9 5 9 7 3 10 2 4 
6 4 1 2 5 3 1 6 6 7 
5 1 2 4 9 10 1 8 3 
2 2 2 6 2 4 3 1 
7 8 5 9 10 1 6 
6 5 2 1 6 7 
7 2 7 4 2 
5 6 9 10 
4 9 4 
7 3 
6 

2 6 9 9 7 4 5 2 5 9 8 2 4 4 3 1 6 3 7 1 

38 33 27 33 25 
