20

5

76 82 25 27 95 57 4 92 40 47 56 41 54 5 21 54 3 66 39 57 
96 93 90 69 54 33 27 16 59 94 40 5 9 48 21 77 2 55 17 6 
10 61 36 41 12 83 11 67 74 27 12 94 29 66 33 25 4 5 63 2 
34 68 52 80 40 13 61 63 48 28 73 59 74 32 94 46 18 25 26 14 
90 74 57 19 38 56 12 57 45 29 81 58 39 43 32 72 15 37 74 85 

55 16 62 6 75 42 16 55 70 59 88 89 97 56 17 90 10 69 71 
94 64 62 46 28 74 21 41 75 45 77 28 82 14 44 97 10 13 
68 68 81 39 55 79 44 37 99 55 85 13 11 10 33 83 44 
97 94 39 39 32 6 11 17 44 48 81 79 71 6 54 97 
54 35 1 56 96 59 42 100 3 14 82 3 3 8 61 
58 93 87 85 9 97 94 47 81 23 65 70 37 64 
6 35 88 73 52 10 66 27 79 8 43 18 71 
56 63 42 38 88 19 82 30 91 82 87 84 
48 49 55 50 57 98 2 86 32 41 99 
75 45 13 76 5 3 80 5 96 67 
31 1 93 30 68 34 26 99 12 
99 28 31 76 20 88 73 8 
35 7 93 4 5 52 14 
17 51 48 57 91 56 
55 69 61 29 20 
62 81 44 57 
36 27 60 
24 64 
57 

1 3 5 8 1 7 4 6 8 10 4 3 9 6 3 9 10 9 8 4 

29 47 26 47 23 
