20

5

9 90 35 34 7 60 44 7 23 8 45 55 38 81 59 36 26 70 10 50 
55 99 2 28 89 25 13 13 11 80 16 67 68 85 78 67 19 14 23 80 
31 21 45 26 4 67 70 98 61 29 82 74 72 65 83 70 16 69 26 69 
61 81 57 6 57 33 69 91 19 65 16 90 71 65 16 54 4 35 18 31 
69 1 6 32 34 86 47 54 34 96 45 18 93 87 95 64 83 79 4 14 

10 0 6 9 0 0 5 3 0 3 9 10 2 2 9 10 2 8 0 
1 4 3 0 7 7 7 0 10 5 0 5 7 1 0 6 9 0 
4 4 0 0 9 6 1 0 0 0 0 10 2 1 8 5 0 
0 8 2 0 0 10 2 0 3 9 1 0 0 5 0 7 
0 0 0 3 0 8 0 0 0 0 10 0 0 0 4 
0 2 0 0 7 0 7 7 0 10 4 0 0 0 
0 0 0 3 0 0 0 0 0 0 1 0 0 
7 0 3 2 6 0 2 5 8 4 0 0 
8 0 0 10 0 0 8 5 0 1 9 
8 0 0 4 2 0 0 9 0 0 
7 0 0 0 1 2 0 0 8 
0 0 0 0 0 7 6 0 
0 4 0 0 0 4 5 
0 3 7 0 0 0 
2 0 0 3 0 
0 4 10 2 
2 0 6 
8 0 
0 

1 1 7 1 3 3 10 1 8 1 2 1 7 5 2 8 5 8 3 5 

32 22 26 23 25 
