20

5

0 0 0 0 0 0 0 0 0 0 0 0 0 0 0 0 0 0 0 0 
0 0 0 0 0 0 0 0 0 0 0 0 0 0 0 0 0 0 0 0 
0 0 0 0 0 0 0 0 0 0 0 0 0 0 0 0 0 0 0 0 
0 0 0 0 0 0 0 0 0 0 0 0 0 0 0 0 0 0 0 0 
0 0 0 0 0 0 0 0 0 0 0 0 0 0 0 0 0 0 0 0 

44 14 0 94 5 54 93 10 42 0 0 0 0 0 14 39 46 0 0 
0 62 0 0 0 11 0 0 0 76 93 0 0 57 83 87 15 0 
13 64 0 0 74 71 24 0 78 0 17 0 0 89 0 72 0 
0 78 36 5 0 0 35 0 0 39 0 10 68 0 83 11 
38 11 41 0 0 0 0 0 0 0 0 74 40 0 96 
94 17 62 0 0 12 59 0 0 0 38 97 0 0 
97 0 0 99 0 27 73 26 0 0 38 6 0 
0 47 0 0 0 97 48 0 2 77 71 41 
0 15 57 66 95 0 72 75 64 0 82 
0 55 0 8 0 50 0 0 0 0 
0 0 0 0 0 75 0 0 37 
0 0 0 34 0 0 0 9 
0 0 89 47 0 80 6 
23 93 43 96 79 34 
0 0 0 37 34 
33 0 0 0 
45 0 0 
22 98 
0 

4 4 2 7 2 5 9 8 5 10 4 10 4 5 9 2 8 6 5 7 

28 42 40 31 43 
