20

5

9 1 1 9 2 6 6 4 10 1 5 4 9 3 6 2 10 1 6 4 
4 2 5 8 3 9 5 4 1 8 4 5 4 3 8 1 8 8 1 9 
5 3 2 1 1 7 4 1 7 10 2 8 9 4 4 4 5 4 3 3 
6 8 2 1 9 1 3 10 3 9 2 10 6 7 1 2 10 4 2 6 
5 9 6 3 7 6 8 1 4 9 8 9 6 9 1 1 1 2 2 2 

20 53 68 93 62 50 50 19 10 56 98 69 59 11 43 78 7 34 45 
74 99 47 63 16 71 4 57 54 40 32 61 85 36 35 53 78 82 
58 72 99 33 45 16 94 52 56 25 71 3 64 29 94 20 66 
78 8 43 23 99 54 20 51 23 19 74 68 41 79 80 26 
12 89 16 95 15 22 84 99 77 83 23 94 74 37 63 
5 14 90 26 8 24 91 68 39 30 23 39 65 27 
43 20 81 21 66 89 57 45 5 97 38 6 93 
16 11 24 58 4 58 45 5 27 5 59 57 
75 17 36 79 55 29 2 6 60 77 61 
40 89 78 61 79 18 95 53 28 1 
40 86 40 21 4 42 66 30 65 
9 17 99 23 77 49 36 97 
91 22 95 87 69 3 17 
66 81 6 53 56 72 
69 86 50 17 77 
82 80 16 67 
56 1 37 
70 66 
21 

1 7 4 4 8 8 1 2 4 5 2 4 6 1 4 8 9 7 3 9 

35 31 29 31 32 
