20

5

0 0 0 0 0 0 0 0 0 0 0 0 0 0 0 0 0 0 0 0 
0 0 0 0 0 0 0 0 0 0 0 0 0 0 0 0 0 0 0 0 
0 0 0 0 0 0 0 0 0 0 0 0 0 0 0 0 0 0 0 0 
0 0 0 0 0 0 0 0 0 0 0 0 0 0 0 0 0 0 0 0 
0 0 0 0 0 0 0 0 0 0 0 0 0 0 0 0 0 0 0 0 

52 39 21 0 61 0 52 81 73 40 3 26 0 0 67 0 24 49 3 
54 42 0 0 0 0 40 14 0 76 73 89 0 0 53 40 68 75 
94 38 0 0 91 0 55 0 0 0 5 66 0 0 10 0 0 
34 0 0 22 92 0 0 0 0 84 0 88 0 0 67 7 
32 23 0 18 39 43 0 20 27 0 8 0 93 73 0 
76 6 93 0 0 0 67 11 93 30 0 89 0 0 
0 35 0 0 0 0 38 93 0 89 81 0 0 
0 0 38 0 0 0 0 0 0 47 0 86 
57 0 40 70 0 38 9 0 0 0 0 
24 72 26 0 62 0 82 47 0 47 
0 0 0 24 95 0 0 49 0 
0 72 0 30 0 60 0 0 
0 95 42 0 0 85 6 
86 1 0 82 77 96 
0 0 0 18 0 
0 0 0 0 
0 0 0 
0 63 
55 

2 2 5 3 4 4 2 8 2 3 9 6 1 9 2 10 5 6 1 4 

35 21 32 24 35 
