20

5

0 0 0 0 0 0 0 0 0 0 0 0 0 0 0 0 0 0 0 0 
0 0 0 0 0 0 0 0 0 0 0 0 0 0 0 0 0 0 0 0 
0 0 0 0 0 0 0 0 0 0 0 0 0 0 0 0 0 0 0 0 
0 0 0 0 0 0 0 0 0 0 0 0 0 0 0 0 0 0 0 0 
0 0 0 0 0 0 0 0 0 0 0 0 0 0 0 0 0 0 0 0 

56 0 43 39 55 82 100 0 0 0 0 70 0 99 0 0 0 0 64 
69 22 4 0 53 5 0 56 0 81 78 0 98 0 0 0 88 51 
27 1 0 0 0 0 19 18 83 58 0 0 0 27 0 0 96 
0 0 0 0 82 0 29 97 0 0 0 0 15 80 60 65 
0 9 0 29 0 46 0 46 0 0 0 0 0 77 0 
23 0 89 36 0 18 11 64 0 0 0 18 0 0 
16 0 0 51 54 67 0 0 4 0 91 19 23 
0 47 56 3 0 0 0 64 40 0 0 0 
80 33 57 0 0 22 0 0 94 19 0 
50 0 1 79 0 0 99 7 63 0 
94 40 75 79 1 58 62 32 2 
7 0 0 0 0 93 75 0 
0 80 63 0 93 0 0 
0 0 0 0 0 0 
0 32 100 0 0 
48 18 5 0 
96 98 0 
0 0 
83 

5 1 5 8 6 9 7 3 7 8 10 4 5 7 8 3 2 5 3 6 

25 32 35 33 43 
