20

5

19 1 51 69 92 46 66 84 50 21 85 44 99 93 96 22 40 91 6 74 
14 12 75 28 13 9 85 64 41 18 24 55 4 33 88 21 28 18 31 39 
25 3 72 1 11 77 94 41 57 100 22 78 69 54 94 34 95 34 33 33 
76 8 62 31 79 61 53 100 93 9 42 50 16 7 91 92 70 54 32 36 
55 49 56 23 77 56 78 11 44 59 98 9 76 59 1 71 51 62 12 72 

10 0 8 0 2 0 0 0 10 6 8 9 0 1 3 0 0 0 0 
4 0 0 3 0 0 4 7 0 10 0 1 5 0 5 0 0 2 
8 0 0 0 5 0 0 0 6 0 0 3 0 0 4 0 6 
8 8 3 3 0 4 10 0 3 9 0 0 1 9 0 0 
0 9 6 0 5 0 0 0 0 3 0 4 0 0 3 
5 0 10 6 0 0 0 8 9 10 3 0 5 7 
0 0 1 0 0 0 7 5 0 0 8 0 3 
0 1 0 8 0 0 5 5 0 5 9 7 
0 7 0 0 5 0 0 6 0 0 1 
0 9 8 0 9 0 5 3 0 0 
0 0 0 1 4 0 0 10 5 
0 7 0 0 0 9 0 7 
1 2 0 0 0 3 7 
6 0 6 0 6 2 
9 6 10 0 7 
2 0 0 7 
0 1 7 
10 6 
0 

2 4 7 1 1 1 3 2 10 8 10 1 5 2 2 2 7 10 2 8 

29 35 24 34 28 
