20

5

84 58 52 35 81 62 92 97 59 4 89 65 83 49 35 69 95 54 49 12 
85 28 34 55 11 40 54 47 96 56 87 57 71 90 2 81 55 96 77 17 
75 69 74 16 18 13 46 47 44 87 23 33 99 6 69 34 48 93 22 40 
66 7 67 48 72 25 53 79 91 64 91 52 82 71 39 6 52 77 80 94 
99 30 71 14 94 85 12 47 40 17 13 20 71 53 81 84 35 35 83 92 

21 70 97 6 52 87 46 79 64 61 31 56 55 27 87 86 84 87 100 
100 53 49 88 55 69 71 86 3 1 87 3 42 52 76 22 42 19 
93 76 97 35 72 67 2 66 9 83 20 1 30 100 19 53 37 
75 47 10 58 45 44 98 64 3 67 98 71 62 80 20 81 
55 15 56 36 17 23 19 97 77 21 43 37 29 46 80 
2 61 90 52 31 39 67 8 63 41 31 57 85 53 
13 89 59 48 4 91 8 2 58 18 67 26 28 
77 13 60 12 68 100 1 36 95 81 7 22 
7 100 73 18 19 67 60 73 41 45 95 
10 33 92 58 98 49 24 28 42 85 
72 20 32 76 22 76 55 28 49 
4 80 22 3 12 19 31 48 
56 70 13 36 61 97 91 
60 72 10 43 59 73 
85 98 84 39 46 
81 7 89 52 
7 96 36 
10 9 
82 

6 6 10 4 2 10 4 9 4 10 2 6 9 1 8 7 10 8 5 7 

30 40 49 31 48 
