24

8

31 94 17 83 34 2 72 89 7 70 76 24 80 41 80 0 70 68 75 93 69 98 46 2 
27 44 2 42 86 80 62 8 38 60 25 37 32 91 50 53 2 55 25 25 35 55 95 8 
43 35 94 35 18 78 75 59 31 89 40 30 69 97 48 44 44 76 5 75 11 35 19 15 
67 99 49 13 62 14 46 24 32 60 59 60 10 77 75 23 61 5 47 93 48 20 13 28 
22 68 51 62 78 83 42 79 97 74 41 91 38 8 54 12 49 68 0 50 96 61 47 9 
47 65 34 99 94 95 27 23 23 50 42 3 41 31 58 89 3 89 85 68 85 35 49 33 
91 92 90 56 1 17 57 26 6 54 10 66 8 71 24 33 16 97 42 3 1 44 1 20 
77 22 46 86 74 88 69 77 21 18 30 0 99 72 21 82 20 46 58 36 2 99 0 48 

0 0 40 0 16 0 39 0 0 0 0 89 11 5 13 0 0 0 90 0 9 0 46 
0 22 0 0 28 28 43 0 44 87 0 55 71 91 0 0 0 0 7 0 61 10 
0 45 88 0 0 0 43 37 0 0 93 97 99 77 0 39 0 40 0 0 62 
16 0 51 0 0 83 97 95 0 37 88 0 0 49 0 61 0 0 43 78 
0 100 90 0 0 47 38 15 0 0 78 4 0 0 0 0 19 35 0 
0 40 1 0 18 0 0 0 0 0 75 58 0 70 94 0 75 0 
0 44 97 0 0 65 59 0 0 38 9 58 0 66 64 44 0 
0 0 30 0 0 36 52 0 0 0 71 0 0 61 0 0 
0 0 16 76 37 91 27 96 0 0 89 12 90 11 90 
42 57 0 81 0 0 0 92 65 99 0 24 57 0 
17 97 0 0 28 95 65 0 0 87 0 20 13 
83 0 38 0 55 0 0 74 0 0 45 77 
0 40 0 0 0 52 0 33 34 63 94 
0 0 0 0 0 0 52 0 69 0 
0 92 98 0 72 0 60 0 0 
4 0 7 63 0 0 86 0 
38 60 64 0 77 0 0 
0 0 63 0 53 57 
0 0 0 0 0 
0 0 58 79 
6 55 0 
49 0 
27 

7 1 9 1 7 5 9 7 9 7 1 5 7 3 4 5 6 2 4 7 4 6 7 10 

29 30 26 33 11 18 3 9 
