20

5

24 4 77 78 68 18 17 72 83 58 69 22 66 11 36 24 29 67 40 12 
91 71 58 84 40 16 76 21 78 32 61 62 78 83 29 10 59 3 35 60 
100 42 74 16 60 15 47 59 46 71 77 20 26 89 10 56 63 72 77 83 
24 63 65 67 28 47 12 16 73 3 88 34 47 93 1 99 28 68 6 77 
24 29 77 46 85 62 30 1 33 83 52 76 71 76 97 27 27 75 50 24 

6 10 7 4 3 1 3 3 1 2 1 9 7 8 9 4 9 1 7 
9 10 3 10 4 7 2 6 7 2 2 1 4 1 1 2 5 5 
2 4 1 5 8 2 7 6 5 10 6 9 9 4 10 3 9 
8 5 1 7 8 4 7 9 5 6 7 1 3 6 2 4 
5 8 7 1 8 1 7 3 6 1 10 2 4 4 2 
4 10 2 5 8 4 10 5 5 2 1 10 7 6 
6 1 5 8 5 8 7 10 6 4 8 8 4 
1 10 10 7 4 6 2 7 3 8 3 3 
7 1 2 10 5 2 7 9 9 9 5 
6 7 7 7 7 10 4 4 6 6 
4 4 9 7 6 9 1 3 7 
4 9 5 2 4 2 2 3 
2 2 10 9 2 9 8 
1 2 6 9 1 9 
8 3 5 8 7 
8 6 5 1 
3 8 2 
4 6 
1 

9 3 6 4 5 7 1 3 5 3 7 10 1 1 6 5 4 2 1 2 

28 22 22 19 18 
