20

5

38 80 67 50 19 85 53 4 7 10 72 63 19 86 13 52 14 90 36 18 
18 35 7 13 27 26 3 91 22 79 35 98 35 98 81 87 71 70 45 53 
35 21 66 25 62 45 58 49 85 87 57 51 72 100 48 35 36 67 18 52 
86 13 82 44 90 28 2 47 68 1 27 7 43 45 53 8 60 79 52 5 
21 95 37 95 30 19 61 99 57 72 59 91 44 94 36 17 38 92 35 33 

14 97 83 50 46 96 22 99 22 78 4 55 11 76 95 72 96 9 54 
47 86 87 82 100 48 23 15 77 49 50 39 29 7 73 26 58 2 
94 31 71 97 37 25 4 76 85 48 45 38 41 83 64 32 57 
43 79 56 25 29 100 60 64 60 27 50 6 30 67 82 30 
52 9 11 69 79 34 56 7 7 82 41 56 32 36 6 
27 94 89 36 11 88 98 63 56 45 97 71 100 43 
73 78 78 15 3 12 68 51 19 82 64 28 54 
73 99 34 13 24 59 32 25 68 19 98 10 
36 43 32 14 90 41 94 53 32 11 55 
15 54 45 43 95 42 17 3 40 55 
55 69 94 23 81 39 87 21 13 
31 92 65 91 74 35 19 40 
19 65 38 36 37 45 45 
99 56 69 69 36 64 
48 66 40 15 84 
100 67 95 35 
79 95 48 
97 28 
12 

9 8 8 1 3 7 5 8 5 1 9 9 4 1 3 1 6 2 8 9 

25 28 31 26 41 
