20

5

61 68 84 82 34 99 32 28 12 97 32 74 27 7 76 66 100 70 8 95 
28 22 33 13 3 43 64 8 92 42 96 10 100 50 70 65 62 67 5 93 
41 40 7 50 55 35 34 6 88 84 17 47 43 10 5 71 57 1 44 88 
39 54 76 19 100 100 19 37 94 89 2 47 30 36 77 69 95 92 38 100 
35 47 86 5 87 81 30 10 47 10 74 100 61 54 30 10 70 9 28 74 

0 42 0 61 89 25 0 0 14 3 0 0 0 87 47 5 0 0 0 
0 0 0 37 55 0 0 64 29 88 0 0 40 0 99 99 0 0 
100 0 0 81 86 0 0 0 62 0 99 41 0 100 97 0 6 
0 0 30 75 0 62 10 61 34 0 63 10 6 0 100 0 
73 36 0 36 38 2 67 0 0 0 0 4 73 96 0 
0 0 0 0 27 69 88 0 0 0 84 0 0 0 
0 98 79 65 42 0 0 67 27 43 0 0 91 
0 0 55 96 23 0 22 0 0 0 4 0 
58 94 0 0 97 0 85 74 22 0 0 
0 46 61 44 0 26 59 0 21 32 
0 66 82 36 6 92 13 11 0 
53 0 73 0 61 0 0 0 
65 0 37 76 0 0 0 
0 0 0 0 0 0 
0 0 0 83 0 
87 0 12 0 
54 0 75 
26 0 
44 

8 8 2 6 9 7 5 3 10 1 9 10 2 6 5 7 9 3 9 3 

36 43 43 46 32 
