20

5

0 0 0 0 0 0 0 0 0 0 0 0 0 0 0 0 0 0 0 0 
0 0 0 0 0 0 0 0 0 0 0 0 0 0 0 0 0 0 0 0 
0 0 0 0 0 0 0 0 0 0 0 0 0 0 0 0 0 0 0 0 
0 0 0 0 0 0 0 0 0 0 0 0 0 0 0 0 0 0 0 0 
0 0 0 0 0 0 0 0 0 0 0 0 0 0 0 0 0 0 0 0 

56 76 43 39 55 82 100 96 3 9 56 70 52 99 8 40 22 56 64 
69 22 4 60 53 5 18 56 59 81 78 76 98 96 60 15 88 51 
27 1 66 87 87 3 19 18 83 58 31 3 97 27 52 32 96 
50 51 65 30 82 39 29 97 73 58 1 52 15 80 60 65 
16 9 62 29 74 46 22 46 80 13 64 98 26 77 83 
23 96 89 36 87 18 11 64 85 86 62 18 38 1 
16 15 14 51 54 67 62 38 4 89 91 19 23 
27 47 56 3 53 51 83 64 40 94 95 83 
80 33 57 80 13 22 99 38 94 19 54 
50 57 1 79 3 5 99 7 63 12 
94 40 75 79 1 58 62 32 2 
7 39 56 19 56 93 75 16 
29 80 63 83 93 43 38 
19 60 6 91 82 93 
70 32 100 47 58 
48 18 5 4 
96 98 70 
54 41 
83 

7 6 4 10 4 9 9 1 8 4 10 5 1 1 5 3 4 2 5 9 

38 22 34 35 29 
