20

5

19 1 51 69 92 46 66 84 50 21 85 44 99 93 96 22 40 91 6 74 
14 12 75 28 13 9 85 64 41 18 24 55 4 33 88 21 28 18 31 39 
25 3 72 1 11 77 94 41 57 100 22 78 69 54 94 34 95 34 33 33 
76 8 62 31 79 61 53 100 93 9 42 50 16 7 91 92 70 54 32 36 
55 49 56 23 77 56 78 11 44 59 98 9 76 59 1 71 51 62 12 72 

10 3 8 3 2 10 10 9 10 6 8 9 9 1 3 8 7 4 5 
4 9 7 3 6 1 4 7 4 10 2 1 5 6 5 3 8 2 
8 2 9 3 5 6 4 2 6 5 1 3 4 9 4 10 6 
8 8 3 3 9 4 10 1 3 9 4 8 1 9 10 6 
2 9 6 5 5 2 4 9 7 3 3 4 4 7 3 
5 4 10 6 8 4 1 8 9 10 3 9 5 7 
3 10 1 1 6 9 7 5 5 7 8 6 3 
6 1 4 8 4 8 5 5 7 5 9 7 
5 7 6 9 5 9 2 6 10 7 1 
10 9 8 1 9 8 5 3 8 1 
10 6 10 1 4 2 6 10 5 
9 7 9 3 7 9 6 7 
1 2 5 7 9 3 7 
6 1 6 3 6 2 
9 6 10 7 7 
2 10 6 7 
6 1 7 
10 6 
1 

1 7 4 4 8 8 1 2 4 5 2 4 6 1 4 8 9 7 3 9 

35 31 29 31 32 
