20

5

41 28 90 42 29 98 2 67 15 40 46 32 90 9 12 5 58 60 30 93 
73 31 14 57 41 100 32 8 21 96 57 59 86 39 94 85 42 83 60 91 
52 21 2 4 55 92 61 98 12 76 47 13 69 10 52 93 37 57 88 10 
85 28 49 51 94 46 62 86 69 50 93 29 62 19 80 78 95 83 62 63 
3 76 55 85 39 86 17 31 34 67 33 69 88 4 21 59 91 36 64 45 

8 0 3 0 0 7 0 1 9 9 1 9 0 0 5 6 5 6 10 
5 0 1 2 0 1 1 7 4 7 7 7 0 10 4 10 0 10 
3 0 6 4 0 2 5 6 0 6 0 2 0 0 10 7 9 
3 2 0 0 3 3 2 6 0 0 0 0 0 0 0 0 
4 0 0 10 0 2 0 0 0 2 0 1 3 9 0 
2 0 0 0 3 0 1 1 0 0 0 3 9 4 
1 7 0 0 2 3 0 7 1 0 0 8 0 
8 0 5 0 5 4 2 0 7 0 3 0 
8 0 0 9 5 0 0 0 10 2 4 
6 0 0 2 0 0 1 6 0 7 
5 0 0 0 0 0 0 0 0 
0 0 0 0 0 0 0 0 
7 8 0 0 10 0 0 
0 5 0 1 0 0 
0 2 7 0 0 
0 0 0 10 
0 0 4 
7 0 
6 

7 4 8 8 10 2 5 8 5 5 10 5 5 10 3 2 8 5 6 7 

39 47 34 42 43 
