20

5

24 4 77 78 68 18 17 72 83 58 69 22 66 11 36 24 29 67 40 12 
91 71 58 84 40 16 76 21 78 32 61 62 78 83 29 10 59 3 35 60 
100 42 74 16 60 15 47 59 46 71 77 20 26 89 10 56 63 72 77 83 
24 63 65 67 28 47 12 16 73 3 88 34 47 93 1 99 28 68 6 77 
24 29 77 46 85 62 30 1 33 83 52 76 71 76 97 27 27 75 50 24 

0 10 0 4 3 0 0 3 1 0 1 0 0 0 9 4 0 0 0 
0 0 0 10 4 0 0 0 0 0 0 1 4 1 0 2 0 0 
0 4 1 5 0 2 7 0 0 10 6 9 0 4 0 3 0 
8 5 0 0 8 0 0 0 0 0 7 1 3 0 2 4 
5 8 7 0 8 0 0 3 6 0 0 0 4 0 2 
0 10 2 5 0 4 10 0 0 0 1 10 7 6 
0 0 5 8 0 0 7 0 0 0 0 8 4 
0 0 10 0 0 0 0 7 0 8 3 0 
0 0 2 10 0 0 0 9 0 9 0 
6 0 0 7 0 0 4 0 6 6 
4 0 0 0 6 9 1 3 7 
4 0 0 2 4 0 2 3 
2 2 0 0 2 9 0 
0 2 6 9 1 9 
0 0 0 8 0 
8 0 5 0 
3 8 2 
4 6 
0 

9 3 8 8 9 4 5 1 9 5 1 7 10 1 2 8 2 3 4 7 

28 30 27 28 34 
