20

5

0 0 0 0 0 0 0 0 0 0 0 0 0 0 0 0 0 0 0 0 
0 0 0 0 0 0 0 0 0 0 0 0 0 0 0 0 0 0 0 0 
0 0 0 0 0 0 0 0 0 0 0 0 0 0 0 0 0 0 0 0 
0 0 0 0 0 0 0 0 0 0 0 0 0 0 0 0 0 0 0 0 
0 0 0 0 0 0 0 0 0 0 0 0 0 0 0 0 0 0 0 0 

50 0 50 41 0 0 20 37 0 0 0 53 57 0 0 0 20 0 0 
25 0 7 52 0 0 98 0 0 0 0 22 0 0 0 0 66 0 
17 80 49 64 81 0 0 0 0 35 79 35 0 83 85 42 36 
78 35 8 0 0 10 0 58 100 34 29 0 78 90 68 24 
22 74 0 50 0 14 54 0 0 0 0 58 75 70 0 
79 0 77 0 94 77 0 18 0 7 79 0 78 0 
0 0 9 95 56 0 1 88 0 61 80 40 0 
0 0 10 82 0 0 0 0 10 9 4 59 
5 0 0 73 66 0 78 0 0 40 68 
94 23 0 0 0 0 77 2 0 0 
0 0 0 0 0 0 0 90 94 
0 36 0 76 0 0 93 0 
0 0 9 54 0 3 0 
6 0 0 0 81 30 
0 0 89 0 0 
0 0 0 37 
0 19 0 
49 37 
47 

5 4 8 8 6 3 10 7 10 1 3 9 1 6 5 10 9 9 5 9 

41 45 33 33 45 
