20

5

4 4 7 8 8 8 7 2 3 8 9 2 6 1 6 4 9 7 10 2 
1 1 8 4 10 6 6 1 8 2 1 2 8 3 9 10 9 3 5 10 
10 2 4 6 10 5 7 9 6 1 7 10 6 9 10 6 3 2 7 3 
4 3 5 7 8 7 2 6 3 3 8 4 7 3 1 9 8 8 6 7 
4 9 7 6 5 2 10 1 3 3 2 6 1 6 7 7 7 5 10 4 

36 40 87 34 73 41 13 53 71 92 21 29 37 38 39 4 59 41 17 
59 40 53 100 54 47 92 36 27 42 72 21 94 31 31 92 45 25 
52 24 51 5 98 72 57 26 5 50 76 29 19 64 90 43 19 
88 15 61 7 88 14 47 89 5 86 87 1 43 6 2 64 
75 48 17 31 18 21 17 73 6 71 70 2 14 54 82 
84 90 82 95 88 84 80 85 5 92 41 60 27 76 
96 61 5 28 5 48 87 80 66 14 8 88 94 
51 60 80 7 64 56 92 37 23 68 73 93 
77 71 12 40 5 92 87 39 79 69 65 
6 7 77 37 77 90 54 44 86 56 
64 34 49 57 86 49 51 83 7 
74 9 55 62 4 2 22 33 
12 42 30 9 72 49 28 
51 92 46 19 11 39 
98 93 45 68 17 
68 66 55 31 
73 38 52 
84 6 
41 

9 3 6 4 5 7 1 3 5 3 7 10 1 1 6 5 4 2 1 2 

28 22 22 19 18 
