20

5

1 8 10 2 9 8 2 7 5 10 6 2 10 9 2 5 8 10 10 3 
3 1 4 7 1 10 2 8 1 6 7 9 6 9 4 5 2 3 10 1 
2 1 2 4 5 2 1 8 2 6 7 3 9 10 2 3 7 7 8 10 
5 8 9 1 4 6 2 6 9 10 3 9 2 9 10 8 5 3 2 3 
3 6 5 5 9 6 7 1 4 7 3 9 8 4 1 9 1 6 4 5 

18 55 63 30 5 67 98 21 89 89 71 19 59 49 85 96 45 96 50 
5 27 41 82 17 41 61 17 84 97 7 97 68 90 24 80 89 20 
63 12 96 64 83 62 25 96 1 26 98 12 95 80 80 67 39 
73 42 53 28 13 93 2 66 20 97 40 87 51 1 69 43 
24 24 1 60 35 32 27 74 70 92 54 81 73 99 24 
12 26 38 79 23 37 41 51 69 49 54 73 49 54 
31 57 73 44 92 83 16 37 51 85 89 18 86 
18 52 65 64 35 24 12 74 57 81 13 23 
18 1 100 29 55 9 17 53 30 12 54 
16 54 31 72 75 33 71 6 6 27 
35 91 32 34 89 50 11 18 73 
72 22 2 36 62 74 93 21 
57 58 75 49 50 21 16 
86 85 82 41 96 27 
97 2 57 24 72 
45 96 59 90 
34 39 14 
37 43 
66 

2 6 9 9 7 4 5 2 5 9 8 2 4 4 3 1 6 3 7 1 

38 33 27 33 25 
