20

5

9 1 1 9 2 6 6 4 10 1 5 4 9 3 6 2 10 1 6 4 
4 2 5 8 3 9 5 4 1 8 4 5 4 3 8 1 8 8 1 9 
5 3 2 1 1 7 4 1 7 10 2 8 9 4 4 4 5 4 3 3 
6 8 2 1 9 1 3 10 3 9 2 10 6 7 1 2 10 4 2 6 
5 9 6 3 7 6 8 1 4 9 8 9 6 9 1 1 1 2 2 2 

20 0 68 0 62 0 0 0 10 56 98 69 0 11 43 0 0 0 0 
74 0 0 63 0 0 4 57 0 40 0 61 85 0 35 0 0 82 
58 0 0 0 45 0 0 0 56 0 0 3 0 0 94 0 66 
78 8 43 23 0 54 20 0 23 19 0 0 41 79 0 0 
0 89 16 0 15 0 0 0 0 83 0 94 0 0 63 
5 0 90 26 0 0 0 68 39 30 23 0 65 27 
0 0 81 0 0 0 57 45 0 0 38 0 93 
0 11 0 58 0 0 45 5 0 5 59 57 
0 17 0 0 55 0 0 6 0 0 61 
0 89 78 0 79 0 95 53 0 0 
0 0 0 21 4 0 0 30 65 
0 17 0 0 0 49 0 97 
91 22 0 0 0 3 17 
66 0 6 0 56 72 
69 86 50 0 77 
82 0 0 67 
0 1 37 
70 66 
0 

2 4 7 1 1 1 3 2 10 8 10 1 5 2 2 2 7 10 2 8 

29 35 24 34 28 
