24

8

31 92 58 22 100 74 48 76 42 42 15 3 57 2 62 32 16 44 12 66 37 75 97 7 
49 94 80 72 93 83 91 89 47 51 88 30 79 47 62 62 6 11 63 51 51 38 100 66 
28 73 86 61 66 15 39 55 75 20 35 87 65 66 84 91 28 36 12 43 33 42 66 12 
17 85 96 31 31 42 70 74 52 64 18 2 3 21 66 54 97 79 47 62 43 24 16 3 
78 55 43 6 7 29 79 24 58 54 89 71 29 88 87 93 29 73 45 13 72 49 99 95 
57 21 31 89 55 69 52 7 44 36 80 90 6 86 17 40 63 36 62 31 33 26 63 75 
47 4 27 77 90 25 89 40 4 24 20 24 85 86 55 89 52 32 72 96 92 56 69 16 
66 65 60 62 91 39 83 16 66 22 3 47 31 51 21 38 66 83 29 90 13 25 26 90 

0 5 0 3 4 0 3 2 7 5 2 0 9 4 10 3 0 8 0 10 9 4 8 
9 0 0 3 0 8 0 0 7 0 0 5 3 0 9 0 0 0 2 0 0 0 
0 5 7 10 8 8 10 0 0 6 0 8 1 1 0 0 5 0 4 0 0 
0 0 0 0 6 2 4 9 0 5 10 8 0 0 0 0 0 0 0 6 
0 5 0 0 1 0 0 0 3 9 0 0 0 0 1 0 0 0 9 
0 0 3 2 4 10 10 4 0 8 6 0 0 10 0 0 0 0 
0 1 6 0 0 0 1 0 0 0 0 0 0 0 9 0 0 
0 0 0 5 6 0 10 0 7 0 8 2 0 4 0 10 
8 0 6 3 0 8 6 1 4 8 6 0 0 4 1 
0 5 2 9 5 10 10 0 9 6 0 4 0 0 
10 6 1 10 2 0 0 0 6 0 7 0 10 
0 1 4 4 0 0 5 1 7 10 0 0 
0 0 0 0 9 6 10 0 3 0 0 
0 7 6 9 2 0 0 0 10 0 
0 0 6 0 9 0 0 1 0 
0 0 1 4 6 9 0 6 
4 6 0 0 0 2 0 
10 2 0 8 0 10 
0 0 3 8 5 
0 9 0 0 
0 10 3 
0 7 
0 

10 3 9 5 7 7 3 8 3 2 9 6 1 5 1 8 1 2 3 4 2 10 6 8 

21 24 18 15 15 30 24 25 
